ID,Case Number,Date,Block,IUCR,Primary Type,Description,Location Description,Arrest,Domestic,Beat,Ward,FBI Code,X Coordinate,Y Coordinate,Year,Updated On,Latitude,Longitude,Location
13243446,JG462969,10/12/2023 01:50:00 PM,007XX W 31ST ST,0860,THEFT,RETAIL THEFT,SMALL RETAIL STORE,false,false,0915,11,06,1171721,1884329,2023,10/20/2023 03:45:23 PM,41.838057207,-87.645370318,"(41.838057207, -87.645370318)"
13261834,JG485806,10/30/2023 02:00:00 PM,007XX W 31ST ST,0810,THEFT,OVER $500,RESTAURANT,false,false,0915,11,06,1172053,1884337,2023,11/07/2023 03:41:07 PM,41.838071856,-87.644151826,"(41.838071856, -87.644151826)"
13260441,JG483926,10/30/2023 01:13:00 AM,007XX W 31ST ST,0460,BATTERY,SIMPLE,PARKING LOT / GARAGE (NON RESIDENTIAL),false,false,0915,11,08B,1171668,1884327,2023,11/07/2023 03:41:07 PM,41.838052883,-87.645564858,"(41.838052883, -87.645564858)"
13262625,JG486746,11/01/2023 12:30:00 AM,007XX W 31ST ST,1320,CRIMINAL DAMAGE,TO VEHICLE,STREET,false,false,0914,11,14,1171970,1884335,2023,11/09/2023 03:40:40 PM,41.838068195,-87.644456449,"(41.838068195, -87.644456449)"
13266709,JG492022,11/05/2023 02:05:00 AM,007XX W 31ST ST,0930,MOTOR VEHICLE THEFT,THEFT / RECOVERY - AUTOMOBILE,STREET,false,false,0914,11,07,1171946,1884334,2023,11/13/2023 03:41:54 PM,41.838065979,-87.644544545,"(41.838065979, -87.644544545)"
13280687,JG508402,11/17/2023 05:00:00 PM,007XX W 31ST ST,0486,BATTERY,DOMESTIC BATTERY SIMPLE,DRUG STORE,false,true,0915,11,08B,1171697,1884328,2023,11/25/2023 03:41:40 PM,41.83805499,-87.645458414,"(41.83805499, -87.645458414)"
13280894,JG508610,11/17/2023 10:05:00 PM,007XX W 31ST ST,0460,BATTERY,SIMPLE,SMALL RETAIL STORE,true,false,0915,11,08B,1171697,1884328,2023,11/25/2023 03:41:40 PM,41.83805499,-87.645458414,"(41.83805499, -87.645458414)"
13299662,JG531294,12/06/2023 06:35:00 PM,007XX W 31ST ST,0860,THEFT,RETAIL THEFT,CONVENIENCE STORE,false,false,0915,11,06,1171668,1884327,2023,12/14/2023 03:41:01 PM,41.838052883,-87.645564858,"(41.838052883, -87.645564858)"
13303675,JG536145,12/10/2023 05:30:00 PM,007XX W 31ST ST,0860,THEFT,RETAIL THEFT,SMALL RETAIL STORE,false,false,0915,11,06,1171697,1884328,2023,12/18/2023 03:41:21 PM,41.83805499,-87.645458414,"(41.83805499, -87.645458414)"
13308741,JG541018,12/14/2023 03:45:00 PM,007XX W 31ST ST,0560,ASSAULT,SIMPLE,COMMERCIAL / BUSINESS OFFICE,false,false,0915,11,08A,1171682,1884328,2023,12/22/2023 03:41:15 PM,41.83805532,-87.645513456,"(41.83805532, -87.645513456)"
13308330,JG541574,12/15/2023 03:10:00 AM,007XX W 31ST ST,0312,ROBBERY,ARMED - KNIFE / CUTTING INSTRUMENT,RESTAURANT,false,false,0915,11,03,1171668,1884327,2023,02/05/2024 03:40:23 PM,41.838052883,-87.645564858,"(41.838052883, -87.645564858)"
13328781,JH104739,01/04/2024 07:15:00 PM,007XX W 31ST ST,0860,THEFT,RETAIL THEFT,CONVENIENCE STORE,false,false,0915,11,06,1171668,1884327,2024,01/12/2024 03:40:54 PM,41.838052883,-87.645564858,"(41.838052883, -87.645564858)"
13339019,JH115967,01/14/2024 04:00:00 PM,007XX W 31ST ST,0860,THEFT,RETAIL THEFT,SMALL RETAIL STORE,false,false,0915,11,06,1171668,1884327,2024,01/22/2024 03:40:58 PM,41.838052883,-87.645564858,"(41.838052883, -87.645564858)"
13341599,JH119895,01/18/2024 04:30:00 PM,007XX W 31ST ST,0860,THEFT,RETAIL THEFT,SMALL RETAIL STORE,false,false,0915,11,06,1171668,1884327,2024,01/26/2024 03:41:22 PM,41.838052883,-87.645564858,"(41.838052883, -87.645564858)"
13344019,JH122874,01/21/2024 01:16:00 PM,007XX W 31ST ST,0555,ASSAULT,AGGRAVATED PROTECTED EMPLOYEE - HANDGUN,DEPARTMENT STORE,true,false,0915,11,04A,1171697,1884328,2024,01/29/2024 03:41:16 PM,41.83805499,-87.645458414,"(41.83805499, -87.645458414)"
13345078,JH124253,01/22/2024 04:45:00 PM,007XX W 31ST ST,0860,THEFT,RETAIL THEFT,SMALL RETAIL STORE,false,false,0915,11,06,1171697,1884328,2024,01/30/2024 03:41:33 PM,41.83805499,-87.645458414,"(41.83805499, -87.645458414)"
13354226,JH135214,01/31/2024 03:02:00 PM,007XX W 31ST ST,0810,THEFT,OVER $500,STREET,false,false,0915,11,06,1171697,1884328,2024,02/08/2024 03:42:01 PM,41.83805499,-87.645458414,"(41.83805499, -87.645458414)"
13356405,JH137863,02/02/2024 05:28:00 PM,007XX W 31ST ST,0820,THEFT,$500 AND UNDER,SMALL RETAIL STORE,true,false,0915,11,06,1171697,1884328,2024,02/10/2024 03:40:36 PM,41.83805499,-87.645458414,"(41.83805499, -87.645458414)"
13364781,JH147414,02/10/2024 12:50:00 PM,007XX W 31ST ST,0820,THEFT,$500 AND UNDER,SMALL RETAIL STORE,false,false,0915,11,06,1171668,1884327,2024,02/18/2024 03:40:51 PM,41.838052883,-87.645564858,"(41.838052883, -87.645564858)"
13367655,JH150784,02/13/2024 11:00:00 AM,007XX W 31ST ST,0810,THEFT,OVER $500,STREET,false,false,0915,11,06,1172053,1884337,2024,02/21/2024 03:41:42 PM,41.838071856,-87.644151826,"(41.838071856, -87.644151826)"
13391219,JH179195,03/06/2024 11:15:00 PM,007XX W 31ST ST,1241,DECEPTIVE PRACTICE,AGGRAVATED COMPUTER TAMPERING,CONVENIENCE STORE,false,false,0914,11,11,1171970,1884335,2024,03/14/2024 03:47:46 PM,41.838068195,-87.644456449,"(41.838068195, -87.644456449)"
13408232,JH199920,03/24/2024 05:00:00 PM,007XX W 31ST ST,0560,ASSAULT,SIMPLE,PARKING LOT / GARAGE (NON RESIDENTIAL),false,false,0915,11,08A,1171697,1884328,2024,04/01/2024 03:41:29 PM,41.83805499,-87.645458414,"(41.83805499, -87.645458414)"
13408128,JH199853,03/24/2024 03:48:00 PM,007XX W 31ST ST,1241,DECEPTIVE PRACTICE,AGGRAVATED COMPUTER TAMPERING,SMALL RETAIL STORE,false,false,0915,11,11,1171697,1884328,2024,04/01/2024 03:41:29 PM,41.83805499,-87.645458414,"(41.83805499, -87.645458414)"
13414213,JH206972,03/23/2024 01:40:00 AM,007XX W 31ST ST,1310,CRIMINAL DAMAGE,TO PROPERTY,RESTAURANT,false,false,0915,11,14,1171668,1884327,2024,04/02/2024 03:40:38 PM,41.838052883,-87.645564858,"(41.838052883, -87.645564858)"
13409188,JH201150,03/25/2024 05:24:00 PM,007XX W 31ST ST,0545,ASSAULT,"PROTECTED EMPLOYEE - HANDS, FISTS, FEET, NO / MINOR INJURY",DRUG STORE,false,false,0915,11,08A,1171697,1884328,2024,04/03/2024 03:41:17 PM,41.83805499,-87.645458414,"(41.83805499, -87.645458414)"
13412409,JH204747,03/28/2024 05:26:00 PM,007XX W 31ST ST,0560,ASSAULT,SIMPLE,SMALL RETAIL STORE,false,false,0915,11,08A,1171697,1884328,2024,04/05/2024 03:41:01 PM,41.83805499,-87.645458414,"(41.83805499, -87.645458414)"
13427969,JH223638,04/13/2024 02:32:00 PM,007XX W 31ST ST,1330,CRIMINAL TRESPASS,TO LAND,RESTAURANT,true,false,0915,11,26,1171668,1884327,2024,04/21/2024 03:40:50 PM,41.838052883,-87.645564858,"(41.838052883, -87.645564858)"
11911256,JC534410,01/01/2016 12:00:00 AM,007XX W 31ST ST,1153,DECEPTIVE PRACTICE,FINANCIAL IDENTITY THEFT OVER $ 300,APARTMENT,false,false,0914,11,11,,,2016,12/05/2019 03:41:27 PM,,,
13439792,JH237928,04/24/2024 10:14:00 PM,007XX W 31ST ST,0560,ASSAULT,SIMPLE,SMALL RETAIL STORE,true,false,0915,11,08A,1171697,1884328,2024,05/02/2024 03:42:34 PM,41.83805499,-87.645458414,"(41.83805499, -87.645458414)"
13462403,JH266121,05/15/2024 06:30:00 PM,007XX W 31ST ST,0820,THEFT,$500 AND UNDER,SMALL RETAIL STORE,false,false,0915,11,06,1171697,1884328,2024,05/23/2024 03:41:30 PM,41.83805499,-87.645458414,"(41.83805499, -87.645458414)"
13472015,JH277904,05/25/2024 01:55:00 AM,007XX W 31ST ST,0484,BATTERY,"PROTECTED EMPLOYEE - HANDS, FISTS, FEET, NO / MINOR INJURY",STREET,false,false,0915,11,08B,1171668,1884327,2024,06/02/2024 03:40:59 PM,41.838052883,-87.645564858,"(41.838052883, -87.645564858)"
13489325,JH299012,06/09/2024 12:00:00 AM,007XX W 31ST ST,0560,ASSAULT,SIMPLE,PARKING LOT / GARAGE (NON RESIDENTIAL),false,false,0915,11,08A,1171668,1884327,2024,06/16/2024 03:41:23 PM,41.838052883,-87.645564858,"(41.838052883, -87.645564858)"
13498581,JH310203,06/17/2024 05:46:00 PM,007XX W 31ST ST,0560,ASSAULT,SIMPLE,SMALL RETAIL STORE,false,false,0915,11,08A,1171697,1884328,2024,06/25/2024 03:41:41 PM,41.83805499,-87.645458414,"(41.83805499, -87.645458414)"
13522299,JH338498,07/08/2024 02:35:00 PM,007XX W 31ST ST,0460,BATTERY,SIMPLE,PARKING LOT / GARAGE (NON RESIDENTIAL),true,false,0915,11,08B,1171697,1884328,2024,07/16/2024 03:42:24 PM,41.83805499,-87.645458414,"(41.83805499, -87.645458414)"
13525757,JH342387,07/11/2024 11:53:00 AM,007XX W 31ST ST,0930,MOTOR VEHICLE THEFT,THEFT / RECOVERY - AUTOMOBILE,VEHICLE NON-COMMERCIAL,true,false,0915,11,07,1171721,1884329,2024,07/25/2024 03:40:25 PM,41.838057207,-87.645370318,"(41.838057207, -87.645370318)"
10854162,JA158725,02/18/2017 03:30:00 PM,007XX W 31ST ST,0560,ASSAULT,SIMPLE,SIDEWALK,false,false,0915,11,08A,1171682,1884328,2017,02/10/2018 03:50:01 PM,41.83805532,-87.645513456,"(41.83805532, -87.645513456)"
2169518,HH345807,05/02/2002 08:30:00 PM,007XX W 31ST ST,2210,LIQUOR LAW VIOLATION,SELL/GIVE/DEL LIQUOR TO MINOR,RESTAURANT,true,false,0923,11,22,1172053,1884337,2002,02/10/2018 03:50:01 PM,41.838071856,-87.644151826,"(41.838071856, -87.644151826)"
2125293,HH361928,05/09/2002 06:00:00 PM,007XX W 31ST ST,0610,BURGLARY,FORCIBLE ENTRY,SMALL RETAIL STORE,false,false,0923,11,05,1171970,1884335,2002,02/10/2018 03:50:01 PM,41.838068195,-87.644456449,"(41.838068195, -87.644456449)"
2100407,HH322288,04/21/2002 06:10:00 PM,007XX W 31ST ST,0470,PUBLIC PEACE VIOLATION,RECKLESS CONDUCT,STREET,true,false,0923,11,24,1171673,1884328,2002,02/28/2018 03:56:25 PM,41.838055518,-87.645546481,"(41.838055518, -87.645546481)"
2162110,HH412245,06/01/2002 06:32:33 PM,007XX W 31ST ST,5001,OTHER OFFENSE,OTHER CRIME INVOLVING PROPERTY,TAVERN/LIQUOR STORE,false,false,0923,11,26,1171692,1884328,2002,02/10/2018 03:50:01 PM,41.8380551,-87.645476761,"(41.8380551, -87.645476761)"
2169538,HH346030,05/02/2002 09:07:00 PM,007XX W 31ST ST,2210,LIQUOR LAW VIOLATION,SELL/GIVE/DEL LIQUOR TO MINOR,DRUG STORE,true,false,0924,11,22,1171697,1884328,2002,02/28/2018 03:56:25 PM,41.83805499,-87.645458414,"(41.83805499, -87.645458414)"
2157398,HH402713,05/28/2002 03:30:00 PM,007XX W 31ST ST,1570,SEX OFFENSE,PUBLIC INDECENCY,STREET,true,false,0923,11,17,1171993,1884335,2002,02/10/2018 03:50:01 PM,41.838067689,-87.644372052,"(41.838067689, -87.644372052)"
2226241,HH496622,07/08/2002 09:31:59 PM,007XX W 31ST ST,0860,THEFT,RETAIL THEFT,GROCERY FOOD STORE,true,false,0924,11,06,1171697,1884328,2002,02/10/2018 03:50:01 PM,41.83805499,-87.645458414,"(41.83805499, -87.645458414)"
2239695,HH487414,07/04/2002 04:40:00 PM,007XX W 31ST ST,1310,CRIMINAL DAMAGE,TO PROPERTY,RESIDENCE,false,false,0923,11,14,1171970,1884335,2002,02/28/2018 03:56:25 PM,41.838068195,-87.644456449,"(41.838068195, -87.644456449)"
2324559,HH617504,08/31/2002 06:00:00 PM,007XX W 31ST ST,0820,THEFT,$500 AND UNDER,DRUG STORE,false,false,0924,11,06,1171697,1884328,2002,02/28/2018 03:56:25 PM,41.83805499,-87.645458414,"(41.83805499, -87.645458414)"
2287935,HH571489,08/10/2002 06:28:01 PM,007XX W 31ST ST,0860,THEFT,RETAIL THEFT,GROCERY FOOD STORE,true,false,0924,11,06,1171697,1884328,2002,02/28/2018 03:56:25 PM,41.83805499,-87.645458414,"(41.83805499, -87.645458414)"
2502204,HH842281,12/15/2002 08:00:00 PM,007XX W 31ST ST,0890,THEFT,FROM BUILDING,RESIDENCE,false,false,0923,11,06,1172041,1884337,2002,02/28/2018 03:56:25 PM,41.83807212,-87.644195859,"(41.83807212, -87.644195859)"
2498792,HH839600,12/14/2002 11:00:00 PM,007XX W 31ST ST,1310,CRIMINAL DAMAGE,TO PROPERTY,CLEANING STORE,false,false,0923,11,14,1171702,1884328,2002,02/28/2018 03:56:25 PM,41.83805488,-87.645440067,"(41.83805488, -87.645440067)"
2427405,HH743698,10/28/2002 06:15:00 AM,007XX W 31ST ST,0820,THEFT,$500 AND UNDER,STREET,false,false,0923,11,06,1172029,1884336,2002,02/28/2018 03:56:25 PM,41.83806964,-87.644239922,"(41.83806964, -87.644239922)"
2382705,HH689920,10/03/2002 05:00:00 PM,007XX W 31ST ST,0460,BATTERY,SIMPLE,SMALL RETAIL STORE,false,false,0924,11,08B,1171697,1884328,2002,02/28/2018 03:56:25 PM,41.83805499,-87.645458414,"(41.83805499, -87.645458414)"
2511219,HH854504,12/22/2002 06:00:00 PM,007XX W 31ST ST,0460,BATTERY,SIMPLE,STREET,false,false,0924,11,08B,1171682,1884328,2002,02/28/2018 03:56:25 PM,41.83805532,-87.645513456,"(41.83805532, -87.645513456)"
2376702,HH683329,09/30/2002 08:25:00 PM,007XX W 31ST ST,0560,ASSAULT,SIMPLE,PARKING LOT/GARAGE(NON.RESID.),false,true,0923,11,08A,1171970,1884335,2002,09/07/2021 03:41:02 PM,41.838068195,-87.644456449,"(41.838068195, -87.644456449)"
2530124,HJ108874,01/05/2003 05:45:00 PM,007XX W 31ST ST,0460,BATTERY,SIMPLE,RESTAURANT,false,false,0923,11,08B,1172053,1884337,2003,02/28/2018 03:56:25 PM,41.838071856,-87.644151826,"(41.838071856, -87.644151826)"
2403057,HH716916,10/15/2002 11:57:00 PM,007XX W 31ST ST,0890,THEFT,FROM BUILDING,BAR OR TAVERN,false,false,0923,11,06,1171946,1884334,2002,02/10/2018 03:50:01 PM,41.838065979,-87.644544545,"(41.838065979, -87.644544545)"
2463979,HH790502,11/19/2002 06:00:00 PM,007XX W 31ST ST,1310,CRIMINAL DAMAGE,TO PROPERTY,MEDICAL/DENTAL OFFICE,false,false,0924,11,14,1171678,1884328,2002,02/28/2018 03:56:25 PM,41.838055408,-87.645528134,"(41.838055408, -87.645528134)"
2506513,HH849548,12/19/2002 08:30:00 PM,007XX W 31ST ST,1310,CRIMINAL DAMAGE,TO PROPERTY,OTHER,false,false,0924,11,14,1171687,1884328,2002,02/28/2018 03:56:25 PM,41.83805521,-87.645495109,"(41.83805521, -87.645495109)"
2607502,HJ206844,02/26/2003 07:15:00 PM,007XX W 31ST ST,0860,THEFT,RETAIL THEFT,DRUG STORE,false,false,0924,11,06,1171697,1884328,2003,02/28/2018 03:56:25 PM,41.83805499,-87.645458414,"(41.83805499, -87.645458414)"
2668447,HJ271825,03/31/2003 03:26:00 PM,007XX W 31ST ST,2090,NARCOTICS,ALTER/FORGE PRESCRIPTION,DRUG STORE,true,false,0924,11,18,1171697,1884328,2003,02/28/2018 03:56:25 PM,41.83805499,-87.645458414,"(41.83805499, -87.645458414)"
2683127,HJ302708,04/15/2003 03:30:00 PM,007XX W 31ST ST,0820,THEFT,$500 AND UNDER,GROCERY FOOD STORE,false,false,0924,11,06,1171697,1884328,2003,02/10/2018 03:50:01 PM,41.83805499,-87.645458414,"(41.83805499, -87.645458414)"
2630496,HJ237698,03/13/2003 07:00:00 PM,007XX W 31ST ST,1310,CRIMINAL DAMAGE,TO PROPERTY,MEDICAL/DENTAL OFFICE,false,false,0924,11,14,1171678,1884328,2003,02/10/2018 03:50:01 PM,41.838055408,-87.645528134,"(41.838055408, -87.645528134)"
2652757,HJ264634,03/27/2003 07:00:00 PM,007XX W 31ST ST,0860,THEFT,RETAIL THEFT,DRUG STORE,false,false,0924,11,06,1171697,1884328,2003,02/28/2018 03:56:25 PM,41.83805499,-87.645458414,"(41.83805499, -87.645458414)"
2541388,HJ121172,01/12/2003 12:05:03 AM,007XX W 31ST ST,0460,BATTERY,SIMPLE,SIDEWALK,false,false,0923,11,08B,1172053,1884337,2003,02/28/2018 03:56:25 PM,41.838071856,-87.644151826,"(41.838071856, -87.644151826)"
2624709,HJ230145,03/10/2003 09:45:00 PM,007XX W 31ST ST,0560,ASSAULT,SIMPLE,DRUG STORE,true,false,0924,11,08A,1171697,1884328,2003,02/28/2018 03:56:25 PM,41.83805499,-87.645458414,"(41.83805499, -87.645458414)"
2553594,HJ138378,12/20/2002 02:00:00 AM,007XX W 31ST ST,0840,THEFT,FINANCIAL ID THEFT: OVER $300,RESIDENCE,false,false,0924,11,06,1172053,1884337,2002,02/10/2018 03:50:01 PM,41.838071856,-87.644151826,"(41.838071856, -87.644151826)"
2830713,HJ489944,07/07/2003 03:00:00 PM,007XX W 31ST ST,0560,ASSAULT,SIMPLE,CTA TRAIN,false,false,0924,11,08A,1171712,1884329,2003,02/28/2018 03:56:25 PM,41.838057405,-87.645403343,"(41.838057405, -87.645403343)"
2824337,HJ482450,07/09/2003 11:50:00 AM,007XX W 31ST ST,0860,THEFT,RETAIL THEFT,DRUG STORE,false,false,0924,11,06,1171697,1884328,2003,02/28/2018 03:56:25 PM,41.83805499,-87.645458414,"(41.83805499, -87.645458414)"
2790791,HJ440712,06/19/2003 10:00:00 PM,007XX W 31ST ST,0320,ROBBERY,STRONGARM - NO WEAPON,PARKING LOT/GARAGE(NON.RESID.),false,false,0924,11,03,1171687,1884328,2003,02/28/2018 03:56:25 PM,41.83805521,-87.645495109,"(41.83805521, -87.645495109)"
2757756,HJ399506,05/31/2003 08:40:39 PM,007XX W 31ST ST,0860,THEFT,RETAIL THEFT,DRUG STORE,false,false,0924,11,06,1171697,1884328,2003,02/28/2018 03:56:25 PM,41.83805499,-87.645458414,"(41.83805499, -87.645458414)"
2875250,HJ540218,08/04/2003 02:30:00 PM,007XX W 31ST ST,0820,THEFT,$500 AND UNDER,PARKING LOT/GARAGE(NON.RESID.),false,false,0924,11,06,1171721,1884329,2003,02/28/2018 03:56:25 PM,41.838057207,-87.645370318,"(41.838057207, -87.645370318)"
2717438,HJ345980,05/06/2003 04:45:00 PM,007XX W 31ST ST,0560,ASSAULT,SIMPLE,STREET,false,true,0923,11,08A,1172053,1884337,2003,09/07/2021 03:41:02 PM,41.838071856,-87.644151826,"(41.838071856, -87.644151826)"
2896273,HJ545186,08/06/2003 07:50:00 PM,007XX W 31ST ST,1811,NARCOTICS,POSS: CANNABIS 30GMS OR LESS,SIDEWALK,true,false,0923,11,18,1171692,1884328,2003,02/28/2018 03:56:25 PM,41.8380551,-87.645476761,"(41.8380551, -87.645476761)"
3045855,HJ759715,11/14/2003 08:57:00 PM,007XX W 31ST ST,0530,ASSAULT,AGGRAVATED: OTHER DANG WEAPON,SIDEWALK,true,false,0923,11,04A,1171692,1884328,2003,02/10/2018 03:50:01 PM,41.8380551,-87.645476761,"(41.8380551, -87.645476761)"
2946804,HJ627804,09/13/2003 06:20:00 PM,007XX W 31ST ST,4651,OTHER OFFENSE,SEX OFFENDER: FAIL REG NEW ADD,SIDEWALK,true,false,0923,11,26,1171673,1884328,2003,02/28/2018 03:56:25 PM,41.838055518,-87.645546481,"(41.838055518, -87.645546481)"
3051326,HJ767650,11/08/2003 08:45:00 PM,007XX W 31ST ST,2825,OTHER OFFENSE,HARASSMENT BY TELEPHONE,APARTMENT,false,false,0923,11,26,1171697,1884328,2003,02/10/2018 03:50:01 PM,41.83805499,-87.645458414,"(41.83805499, -87.645458414)"
2968528,HJ661263,09/28/2003 03:30:00 AM,007XX W 31ST ST,0460,BATTERY,SIMPLE,BAR OR TAVERN,false,false,0923,11,08B,1171946,1884334,2003,02/28/2018 03:56:25 PM,41.838065979,-87.644544545,"(41.838065979, -87.644544545)"
2911108,HJ587950,08/26/2003 11:40:00 AM,007XX W 31ST ST,0860,THEFT,RETAIL THEFT,GROCERY FOOD STORE,true,false,0924,11,06,1171697,1884328,2003,02/10/2018 03:50:01 PM,41.83805499,-87.645458414,"(41.83805499, -87.645458414)"
2954667,HJ644514,09/21/2003 06:10:00 PM,007XX W 31ST ST,0560,ASSAULT,SIMPLE,PARKING LOT/GARAGE(NON.RESID.),false,false,0923,11,08A,1171707,1884328,2003,02/28/2018 03:56:25 PM,41.83805477,-87.64542172,"(41.83805477, -87.64542172)"
3019233,HJ725885,10/29/2003 03:00:00 PM,007XX W 31ST ST,0810,THEFT,OVER $500,SMALL RETAIL STORE,false,false,0924,11,06,1171687,1884328,2003,02/28/2018 03:56:25 PM,41.83805521,-87.645495109,"(41.83805521, -87.645495109)"
2950659,HJ635253,05/24/2003 12:01:00 AM,007XX W 31ST ST,1150,DECEPTIVE PRACTICE,CREDIT CARD FRAUD,RESTAURANT,false,false,0923,11,11,1172053,1884337,2003,02/28/2018 03:56:25 PM,41.838071856,-87.644151826,"(41.838071856, -87.644151826)"
2999107,HJ695568,10/15/2003 07:05:00 PM,007XX W 31ST ST,5007,OTHER OFFENSE,OTHER WEAPONS VIOLATION,GROCERY FOOD STORE,true,false,0924,11,26,1171697,1884328,2003,02/10/2018 03:50:01 PM,41.83805499,-87.645458414,"(41.83805499, -87.645458414)"
2909329,HJ586426,08/25/2003 03:30:00 PM,007XX W 31ST ST,0890,THEFT,FROM BUILDING,RESTAURANT,false,false,0924,11,06,1172053,1884337,2003,02/10/2018 03:50:01 PM,41.838071856,-87.644151826,"(41.838071856, -87.644151826)"
2894825,HJ568167,08/17/2003 12:00:00 AM,007XX W 31ST ST,2825,OTHER OFFENSE,HARASSMENT BY TELEPHONE,APARTMENT,false,false,0923,11,26,1171697,1884328,2003,02/28/2018 03:56:25 PM,41.83805499,-87.645458414,"(41.83805499, -87.645458414)"
3013356,HJ719498,01/07/2003 12:01:00 AM,007XX W 31ST ST,1320,CRIMINAL DAMAGE,TO VEHICLE,STREET,false,false,0923,11,14,1172053,1884337,2003,02/28/2018 03:56:25 PM,41.838071856,-87.644151826,"(41.838071856, -87.644151826)"
3056933,HJ770937,11/20/2003 01:15:00 PM,007XX W 31ST ST,0860,THEFT,RETAIL THEFT,DRUG STORE,true,false,0924,11,06,1171697,1884328,2003,02/28/2018 03:56:25 PM,41.83805499,-87.645458414,"(41.83805499, -87.645458414)"
2919005,HJ599759,08/31/2003 08:12:07 PM,007XX W 31ST ST,0860,THEFT,RETAIL THEFT,GROCERY FOOD STORE,true,false,0924,11,06,1171697,1884328,2003,02/28/2018 03:56:25 PM,41.83805499,-87.645458414,"(41.83805499, -87.645458414)"
3155090,HK150208,01/27/2004 11:39:00 PM,007XX W 31ST ST,0610,BURGLARY,FORCIBLE ENTRY,RESTAURANT,false,false,0924,11,05,1171668,1884327,2004,02/28/2018 03:56:25 PM,41.838052883,-87.645564858,"(41.838052883, -87.645564858)"
3079516,HJ804718,12/05/2003 07:00:00 PM,007XX W 31ST ST,0910,MOTOR VEHICLE THEFT,AUTOMOBILE,PARKING LOT/GARAGE(NON.RESID.),false,false,0923,11,07,1171993,1884335,2003,02/28/2018 03:56:25 PM,41.838067689,-87.644372052,"(41.838067689, -87.644372052)"
3156509,HK153235,01/29/2004 07:00:00 PM,007XX W 31ST ST,0810,THEFT,OVER $500,VEHICLE NON-COMMERCIAL,false,false,0924,11,06,1172053,1884337,2004,02/28/2018 03:56:25 PM,41.838071856,-87.644151826,"(41.838071856, -87.644151826)"
3096058,HJ823495,12/17/2003 03:45:00 PM,007XX W 31ST ST,0486,BATTERY,DOMESTIC BATTERY SIMPLE,DRUG STORE,true,true,0924,11,08B,1171721,1884329,2003,09/07/2021 03:41:02 PM,41.838057207,-87.645370318,"(41.838057207, -87.645370318)"
3188373,HK194940,02/20/2004 08:18:15 PM,007XX W 31ST ST,0560,ASSAULT,SIMPLE,DRUG STORE,false,true,0924,11,08A,1171697,1884328,2004,09/07/2021 03:41:02 PM,41.83805499,-87.645458414,"(41.83805499, -87.645458414)"
3226333,HK242735,03/15/2004 07:00:00 PM,007XX W 31ST ST,0610,BURGLARY,FORCIBLE ENTRY,SMALL RETAIL STORE,false,false,0923,11,05,1171970,1884335,2004,02/28/2018 03:56:25 PM,41.838068195,-87.644456449,"(41.838068195, -87.644456449)"
3221829,HK237619,03/13/2004 02:30:00 PM,007XX W 31ST ST,0860,THEFT,RETAIL THEFT,GROCERY FOOD STORE,true,false,0924,11,06,1171697,1884328,2004,02/28/2018 03:56:25 PM,41.83805499,-87.645458414,"(41.83805499, -87.645458414)"
3064909,HJ783786,11/26/2003 06:28:00 PM,007XX W 31ST ST,0486,BATTERY,DOMESTIC BATTERY SIMPLE,APARTMENT,false,true,0923,11,08B,1171958,1884334,2003,02/10/2018 03:50:01 PM,41.838065715,-87.644500512,"(41.838065715, -87.644500512)"
3149360,HK143497,01/24/2004 01:30:00 PM,007XX W 31ST ST,0860,THEFT,RETAIL THEFT,DRUG STORE,true,false,0924,11,06,1171697,1884328,2004,02/28/2018 03:56:25 PM,41.83805499,-87.645458414,"(41.83805499, -87.645458414)"
3085644,HJ809163,12/09/2003 09:00:00 PM,007XX W 31ST ST,0610,BURGLARY,FORCIBLE ENTRY,VACANT LOT/LAND,false,false,0923,11,05,1171982,1884335,2003,02/28/2018 03:56:25 PM,41.838067931,-87.644412415,"(41.838067931, -87.644412415)"
3096037,HJ823658,12/17/2003 07:15:00 PM,007XX W 31ST ST,0460,BATTERY,SIMPLE,PARKING LOT/GARAGE(NON.RESID.),false,false,0924,11,08B,1171721,1884329,2003,02/28/2018 03:56:25 PM,41.838057207,-87.645370318,"(41.838057207, -87.645370318)"
3136358,HK127834,01/15/2004 08:05:00 PM,007XX W 31ST ST,2825,OTHER OFFENSE,HARASSMENT BY TELEPHONE,RESTAURANT,false,false,0923,11,26,1172053,1884337,2004,02/10/2018 03:50:01 PM,41.838071856,-87.644151826,"(41.838071856, -87.644151826)"
3222149,HK239331,03/14/2004 01:00:00 PM,007XX W 31ST ST,0460,BATTERY,SIMPLE,SMALL RETAIL STORE,false,false,0924,11,08B,1171668,1884327,2004,02/10/2018 03:50:01 PM,41.838052883,-87.645564858,"(41.838052883, -87.645564858)"
3098652,HJ825834,12/18/2003 09:10:00 PM,007XX W 31ST ST,0860,THEFT,RETAIL THEFT,DRUG STORE,true,false,0924,11,06,1171697,1884328,2003,02/28/2018 03:56:25 PM,41.83805499,-87.645458414,"(41.83805499, -87.645458414)"
3200839,HK211866,02/27/2004 02:00:00 PM,007XX W 31ST ST,1320,CRIMINAL DAMAGE,TO VEHICLE,STREET,false,false,0924,11,14,1172053,1884337,2004,02/28/2018 03:56:25 PM,41.838071856,-87.644151826,"(41.838071856, -87.644151826)"
3144736,HK137228,01/21/2004 09:30:00 AM,007XX W 31ST ST,0860,THEFT,RETAIL THEFT,DRUG STORE,true,false,0924,11,06,1171697,1884328,2004,02/28/2018 03:56:25 PM,41.83805499,-87.645458414,"(41.83805499, -87.645458414)"
3208412,HK222050,03/05/2004 03:45:00 PM,007XX W 31ST ST,0860,THEFT,RETAIL THEFT,DRUG STORE,true,false,0924,11,06,1171697,1884328,2004,02/28/2018 03:56:25 PM,41.83805499,-87.645458414,"(41.83805499, -87.645458414)"
3291387,HK323737,04/25/2004 09:08:44 AM,007XX W 31ST ST,0860,THEFT,RETAIL THEFT,SIDEWALK,true,false,0924,11,06,1171697,1884328,2004,02/28/2018 03:56:25 PM,41.83805499,-87.645458414,"(41.83805499, -87.645458414)"
3289912,HK317791,04/22/2004 10:00:00 AM,007XX W 31ST ST,2820,OTHER OFFENSE,TELEPHONE THREAT,RESIDENCE,false,false,0923,11,26,1171970,1884335,2004,02/10/2018 03:50:01 PM,41.838068195,-87.644456449,"(41.838068195, -87.644456449)"
3352096,HK396299,05/29/2004 05:45:00 PM,007XX W 31ST ST,0560,ASSAULT,SIMPLE,DRUG STORE,true,false,0924,11,08A,1171712,1884329,2004,02/28/2018 03:56:25 PM,41.838057405,-87.645403343,"(41.838057405, -87.645403343)"
3240083,HK262275,03/20/2004 01:30:00 PM,007XX W 31ST ST,0610,BURGLARY,FORCIBLE ENTRY,RESIDENCE-GARAGE,false,false,0923,11,05,1171970,1884335,2004,02/28/2018 03:56:25 PM,41.838068195,-87.644456449,"(41.838068195, -87.644456449)"
3268732,HK251586,03/20/2004 01:25:54 PM,007XX W 31ST ST,2090,NARCOTICS,ALTER/FORGE PRESCRIPTION,DRUG STORE,true,false,0924,11,18,1171697,1884328,2004,02/28/2018 03:56:25 PM,41.83805499,-87.645458414,"(41.83805499, -87.645458414)"
3385056,HK428909,06/11/2004 09:30:00 AM,007XX W 31ST ST,0840,THEFT,FINANCIAL ID THEFT: OVER $300,RESIDENCE,false,false,0923,11,06,1171993,1884335,2004,02/28/2018 03:56:25 PM,41.838067689,-87.644372052,"(41.838067689, -87.644372052)"
3246881,HK269355,03/29/2004 10:07:27 AM,007XX W 31ST ST,0820,THEFT,$500 AND UNDER,DRUG STORE,true,false,0924,11,06,1171697,1884328,2004,02/28/2018 03:56:25 PM,41.83805499,-87.645458414,"(41.83805499, -87.645458414)"
3319889,HK357102,05/11/2004 01:40:00 PM,007XX W 31ST ST,0860,THEFT,RETAIL THEFT,DRUG STORE,false,false,0924,11,06,1171697,1884328,2004,02/10/2018 03:50:01 PM,41.83805499,-87.645458414,"(41.83805499, -87.645458414)"
3325635,HK364786,05/14/2004 09:32:00 PM,007XX W 31ST ST,0890,THEFT,FROM BUILDING,RESTAURANT,false,false,0923,11,06,1172053,1884337,2004,02/28/2018 03:56:25 PM,41.838071856,-87.644151826,"(41.838071856, -87.644151826)"
3267501,HK294029,03/31/2004 03:00:00 PM,007XX W 31ST ST,0820,THEFT,$500 AND UNDER,RESIDENCE,false,true,0923,11,06,1171970,1884335,2004,09/07/2021 03:41:02 PM,41.838068195,-87.644456449,"(41.838068195, -87.644456449)"
3350453,HK394888,05/29/2004 12:01:00 AM,007XX W 31ST ST,0610,BURGLARY,FORCIBLE ENTRY,RESTAURANT,false,false,0924,11,05,1171668,1884327,2004,02/10/2018 03:50:01 PM,41.838052883,-87.645564858,"(41.838052883, -87.645564858)"
3281819,HK309282,04/18/2004 01:30:00 PM,007XX W 31ST ST,1330,CRIMINAL TRESPASS,TO LAND,SMALL RETAIL STORE,true,false,0924,11,26,1171697,1884328,2004,02/10/2018 03:50:01 PM,41.83805499,-87.645458414,"(41.83805499, -87.645458414)"
3308201,HK343123,05/04/2004 08:15:00 PM,007XX W 31ST ST,0560,ASSAULT,SIMPLE,STREET,true,false,0923,11,08A,1172053,1884337,2004,02/10/2018 03:50:01 PM,41.838071856,-87.644151826,"(41.838071856, -87.644151826)"
3503330,HK578668,08/24/2004 04:45:50 PM,007XX W 31ST ST,0460,BATTERY,SIMPLE,SIDEWALK,false,false,0923,11,08B,1171970,1884335,2004,02/28/2018 03:56:25 PM,41.838068195,-87.644456449,"(41.838068195, -87.644456449)"
3414517,HK475151,07/05/2004 11:09:57 AM,007XX W 31ST ST,0860,THEFT,RETAIL THEFT,DRUG STORE,false,false,0924,11,06,1171697,1884328,2004,02/28/2018 03:56:25 PM,41.83805499,-87.645458414,"(41.83805499, -87.645458414)"
3458626,HK525717,07/30/2004 03:32:27 PM,007XX W 31ST ST,0860,THEFT,RETAIL THEFT,OTHER,true,false,0924,11,06,1171668,1884327,2004,02/10/2018 03:50:01 PM,41.838052883,-87.645564858,"(41.838052883, -87.645564858)"
3430608,HK494829,07/13/2004 08:00:00 PM,007XX W 31ST ST,1310,CRIMINAL DAMAGE,TO PROPERTY,CHA HALLWAY/STAIRWELL/ELEVATOR,false,false,0924,11,14,1171668,1884327,2004,02/28/2018 03:56:25 PM,41.838052883,-87.645564858,"(41.838052883, -87.645564858)"
3450131,HK517505,07/26/2004 08:51:00 PM,007XX W 31ST ST,0860,THEFT,RETAIL THEFT,GROCERY FOOD STORE,true,false,0924,11,06,1171697,1884328,2004,02/28/2018 03:56:25 PM,41.83805499,-87.645458414,"(41.83805499, -87.645458414)"
3575816,HK662618,10/02/2004 10:00:00 PM,007XX W 31ST ST,0560,ASSAULT,SIMPLE,RESTAURANT,false,false,0924,11,08A,1172053,1884337,2004,02/28/2018 03:56:25 PM,41.838071856,-87.644151826,"(41.838071856, -87.644151826)"
3456299,HK522751,07/29/2004 09:30:00 AM,007XX W 31ST ST,0460,BATTERY,SIMPLE,STREET,false,false,0924,11,08B,1171658,1884327,2004,02/28/2018 03:56:25 PM,41.838053103,-87.645601552,"(41.838053103, -87.645601552)"
3424999,HK469875,07/02/2004 06:45:00 PM,007XX W 31ST ST,1330,CRIMINAL TRESPASS,TO LAND,DRUG STORE,true,false,0924,11,26,1171697,1884328,2004,02/28/2018 03:56:25 PM,41.83805499,-87.645458414,"(41.83805499, -87.645458414)"
3430280,HK486555,07/10/2004 01:45:00 PM,007XX W 31ST ST,0860,THEFT,RETAIL THEFT,DRUG STORE,true,false,0924,11,06,1171697,1884328,2004,02/28/2018 03:56:25 PM,41.83805499,-87.645458414,"(41.83805499, -87.645458414)"
3424429,HK488396,07/11/2004 12:20:00 PM,007XX W 31ST ST,0860,THEFT,RETAIL THEFT,DRUG STORE,true,false,0924,11,06,1171697,1884328,2004,02/10/2018 03:50:01 PM,41.83805499,-87.645458414,"(41.83805499, -87.645458414)"
3522081,HK600754,09/03/2004 07:20:00 PM,007XX W 31ST ST,0337,ROBBERY,ATTEMPT: ARMED-OTHER DANG WEAP,STREET,false,false,0923,11,03,1172053,1884337,2004,02/28/2018 03:56:25 PM,41.838071856,-87.644151826,"(41.838071856, -87.644151826)"
3508224,HK573414,08/22/2004 05:45:00 AM,007XX W 31ST ST,1811,NARCOTICS,POSS: CANNABIS 30GMS OR LESS,STREET,true,false,0923,11,18,1171702,1884328,2004,02/10/2018 03:50:01 PM,41.83805488,-87.645440067,"(41.83805488, -87.645440067)"
3561937,HK649774,09/26/2004 07:04:00 PM,007XX W 31ST ST,0860,THEFT,RETAIL THEFT,DRUG STORE,false,false,0924,11,06,1171697,1884328,2004,02/10/2018 03:50:01 PM,41.83805499,-87.645458414,"(41.83805499, -87.645458414)"
3428527,HK492544,06/20/2004 11:05:00 AM,007XX W 31ST ST,0890,THEFT,FROM BUILDING,SMALL RETAIL STORE,false,false,0924,11,06,1171668,1884327,2004,02/10/2018 03:50:01 PM,41.838052883,-87.645564858,"(41.838052883, -87.645564858)"
3424386,HK488972,07/11/2004 05:54:42 PM,007XX W 31ST ST,0860,THEFT,RETAIL THEFT,DRUG STORE,false,false,0924,11,06,1171697,1884328,2004,02/28/2018 03:56:25 PM,41.83805499,-87.645458414,"(41.83805499, -87.645458414)"
3791944,HL158535,02/02/2005 03:45:00 PM,007XX W 31ST ST,0860,THEFT,RETAIL THEFT,DRUG STORE,true,false,0924,11,06,1171697,1884328,2005,02/10/2018 03:50:01 PM,41.83805499,-87.645458414,"(41.83805499, -87.645458414)"
3677344,HK777576,11/28/2004 03:24:00 PM,007XX W 31ST ST,1330,CRIMINAL TRESPASS,TO LAND,DRUG STORE,true,false,0924,11,26,1171697,1884328,2004,02/28/2018 03:56:25 PM,41.83805499,-87.645458414,"(41.83805499, -87.645458414)"
3740994,HL102750,01/02/2005 03:45:00 PM,007XX W 31ST ST,0860,THEFT,RETAIL THEFT,DRUG STORE,true,false,0924,11,06,1171697,1884328,2005,02/28/2018 03:56:25 PM,41.83805499,-87.645458414,"(41.83805499, -87.645458414)"
3706321,HK809919,12/15/2004 11:30:00 AM,007XX W 31ST ST,0910,MOTOR VEHICLE THEFT,AUTOMOBILE,STREET,false,false,0923,11,07,1172053,1884337,2004,02/28/2018 03:56:25 PM,41.838071856,-87.644151826,"(41.838071856, -87.644151826)"
3669636,HK767659,11/22/2004 09:20:00 PM,007XX W 31ST ST,0560,ASSAULT,SIMPLE,STREET,false,false,0923,11,08A,1172053,1884337,2004,02/28/2018 03:56:25 PM,41.838071856,-87.644151826,"(41.838071856, -87.644151826)"
3609135,HK700847,10/21/2004 03:20:00 PM,007XX W 31ST ST,0860,THEFT,RETAIL THEFT,DRUG STORE,true,false,0924,11,06,1171697,1884328,2004,02/28/2018 03:56:25 PM,41.83805499,-87.645458414,"(41.83805499, -87.645458414)"
3686278,HK786858,12/03/2004 09:40:00 AM,007XX W 31ST ST,0820,THEFT,$500 AND UNDER,PARKING LOT/GARAGE(NON.RESID.),false,false,0924,11,06,1171673,1884328,2004,02/28/2018 03:56:25 PM,41.838055518,-87.645546481,"(41.838055518, -87.645546481)"
3661746,HK759839,11/19/2004 02:11:00 AM,007XX W 31ST ST,0880,THEFT,PURSE-SNATCHING,SIDEWALK,false,false,0924,11,06,1171692,1884328,2004,02/28/2018 03:56:25 PM,41.8380551,-87.645476761,"(41.8380551, -87.645476761)"
3647707,HK736588,11/07/2004 12:37:51 PM,007XX W 31ST ST,0860,THEFT,RETAIL THEFT,SMALL RETAIL STORE,false,false,0924,11,06,1171668,1884327,2004,02/10/2018 03:50:01 PM,41.838052883,-87.645564858,"(41.838052883, -87.645564858)"
3767480,HL133798,01/19/2005 07:56:00 PM,007XX W 31ST ST,0430,BATTERY,AGGRAVATED: OTHER DANG WEAPON,SIDEWALK,false,false,0924,11,04B,1171668,1884327,2005,02/10/2018 03:50:01 PM,41.838052883,-87.645564858,"(41.838052883, -87.645564858)"
3796208,HL163170,02/04/2005 10:25:00 PM,007XX W 31ST ST,0860,THEFT,RETAIL THEFT,DRUG STORE,false,false,0924,11,06,1171697,1884328,2005,02/28/2018 03:56:25 PM,41.83805499,-87.645458414,"(41.83805499, -87.645458414)"
3730082,HK836256,12/30/2004 04:26:44 PM,007XX W 31ST ST,0860,THEFT,RETAIL THEFT,DRUG STORE,true,false,0924,11,06,1171697,1884328,2004,02/28/2018 03:56:25 PM,41.83805499,-87.645458414,"(41.83805499, -87.645458414)"
3631711,HK721676,10/31/2004 06:20:00 AM,007XX W 31ST ST,0430,BATTERY,AGGRAVATED: OTHER DANG WEAPON,OTHER,false,false,0923,11,04B,1171946,1884334,2004,02/28/2018 03:56:25 PM,41.838065979,-87.644544545,"(41.838065979, -87.644544545)"
3800101,HL166226,02/06/2005 04:30:00 PM,007XX W 31ST ST,0860,THEFT,RETAIL THEFT,GROCERY FOOD STORE,false,false,0924,11,06,1171697,1884328,2005,02/10/2018 03:50:01 PM,41.83805499,-87.645458414,"(41.83805499, -87.645458414)"
3676308,HK769465,11/23/2004 07:00:00 PM,007XX W 31ST ST,0860,THEFT,RETAIL THEFT,DRUG STORE,true,false,0924,11,06,1171697,1884328,2004,02/10/2018 03:50:01 PM,41.83805499,-87.645458414,"(41.83805499, -87.645458414)"
3638856,HK722863,10/31/2004 07:50:00 PM,007XX W 31ST ST,1330,CRIMINAL TRESPASS,TO LAND,RESTAURANT,true,false,0924,11,26,1171678,1884328,2004,02/28/2018 03:56:25 PM,41.838055408,-87.645528134,"(41.838055408, -87.645528134)"
3730750,HL100375,12/31/2004 11:30:00 PM,007XX W 31ST ST,1320,CRIMINAL DAMAGE,TO VEHICLE,STREET,false,false,0923,11,14,1172041,1884337,2004,02/28/2018 03:56:25 PM,41.83807212,-87.644195859,"(41.83807212, -87.644195859)"
3662234,HK750695,11/14/2004 05:25:00 PM,007XX W 31ST ST,1330,CRIMINAL TRESPASS,TO LAND,DRUG STORE,true,false,0924,11,26,1171697,1884328,2004,02/28/2018 03:56:25 PM,41.83805499,-87.645458414,"(41.83805499, -87.645458414)"
3649097,HK744920,11/11/2004 03:00:00 PM,007XX W 31ST ST,0860,THEFT,RETAIL THEFT,GROCERY FOOD STORE,true,false,0924,11,06,1171697,1884328,2004,02/10/2018 03:50:01 PM,41.83805499,-87.645458414,"(41.83805499, -87.645458414)"
3975089,HL333767,05/03/2005 09:25:00 PM,007XX W 31ST ST,0860,THEFT,RETAIL THEFT,DRUG STORE,true,false,0924,11,06,1171697,1884328,2005,02/10/2018 03:50:01 PM,41.83805499,-87.645458414,"(41.83805499, -87.645458414)"
3990041,HL351649,05/11/2005 11:00:00 PM,007XX W 31ST ST,1310,CRIMINAL DAMAGE,TO PROPERTY,COMMERCIAL / BUSINESS OFFICE,false,false,0923,11,14,1171692,1884328,2005,02/28/2018 03:56:25 PM,41.8380551,-87.645476761,"(41.8380551, -87.645476761)"
3955896,HL320874,04/27/2005 11:04:17 AM,007XX W 31ST ST,0860,THEFT,RETAIL THEFT,DEPARTMENT STORE,true,false,0924,11,06,1171697,1884328,2005,02/28/2018 03:56:25 PM,41.83805499,-87.645458414,"(41.83805499, -87.645458414)"
3964427,HL321051,04/27/2005 12:49:18 PM,007XX W 31ST ST,0486,BATTERY,DOMESTIC BATTERY SIMPLE,STREET,false,true,0923,11,08B,1171692,1884328,2005,02/28/2018 03:56:25 PM,41.8380551,-87.645476761,"(41.8380551, -87.645476761)"
3831766,HL198417,02/23/2005 07:50:00 PM,007XX W 31ST ST,0860,THEFT,RETAIL THEFT,DRUG STORE,true,false,0924,11,06,1171697,1884328,2005,02/28/2018 03:56:25 PM,41.83805499,-87.645458414,"(41.83805499, -87.645458414)"
4020942,HL376480,05/24/2005 04:00:00 PM,007XX W 31ST ST,0610,BURGLARY,FORCIBLE ENTRY,APARTMENT,false,false,0923,11,05,1171946,1884334,2005,02/28/2018 03:56:25 PM,41.838065979,-87.644544545,"(41.838065979, -87.644544545)"
4012683,HL369990,05/20/2005 05:00:00 PM,007XX W 31ST ST,0460,BATTERY,SIMPLE,PARKING LOT/GARAGE(NON.RESID.),false,false,0924,11,08B,1171697,1884328,2005,02/28/2018 03:56:25 PM,41.83805499,-87.645458414,"(41.83805499, -87.645458414)"
3848721,HL223237,03/08/2005 07:45:00 PM,007XX W 31ST ST,0860,THEFT,RETAIL THEFT,DRUG STORE,true,false,0924,11,06,1171697,1884328,2005,02/28/2018 03:56:25 PM,41.83805499,-87.645458414,"(41.83805499, -87.645458414)"
3955906,HL318824,04/26/2005 11:25:00 AM,007XX W 31ST ST,0820,THEFT,$500 AND UNDER,DRUG STORE,true,false,0924,11,06,1171697,1884328,2005,02/28/2018 03:56:25 PM,41.83805499,-87.645458414,"(41.83805499, -87.645458414)"
3913905,HL288569,04/11/2005 02:50:00 PM,007XX W 31ST ST,0860,THEFT,RETAIL THEFT,DRUG STORE,true,false,0924,11,06,1171697,1884328,2005,02/28/2018 03:56:25 PM,41.83805499,-87.645458414,"(41.83805499, -87.645458414)"
3834613,HL203653,02/26/2005 03:30:00 PM,007XX W 31ST ST,1320,CRIMINAL DAMAGE,TO VEHICLE,PARKING LOT/GARAGE(NON.RESID.),false,false,0923,11,14,1171716,1884329,2005,02/28/2018 03:56:25 PM,41.838057317,-87.645388665,"(41.838057317, -87.645388665)"
3827750,HL198494,02/22/2005 04:30:00 PM,007XX W 31ST ST,0560,ASSAULT,SIMPLE,RESTAURANT,false,false,0924,11,08A,1171668,1884327,2005,02/28/2018 03:56:25 PM,41.838052883,-87.645564858,"(41.838052883, -87.645564858)"
3812138,HL179144,02/13/2005 02:06:00 PM,007XX W 31ST ST,0860,THEFT,RETAIL THEFT,DRUG STORE,true,false,0924,11,06,1171697,1884328,2005,02/28/2018 03:56:25 PM,41.83805499,-87.645458414,"(41.83805499, -87.645458414)"
3900197,HL277287,04/06/2005 12:00:00 AM,007XX W 31ST ST,0610,BURGLARY,FORCIBLE ENTRY,RESTAURANT,false,false,0924,11,05,1172053,1884337,2005,02/28/2018 03:56:25 PM,41.838071856,-87.644151826,"(41.838071856, -87.644151826)"
3920160,HL293840,04/14/2005 03:21:45 AM,007XX W 31ST ST,1310,CRIMINAL DAMAGE,TO PROPERTY,RESTAURANT,false,false,0924,11,14,1172053,1884337,2005,02/10/2018 03:50:01 PM,41.838071856,-87.644151826,"(41.838071856, -87.644151826)"
4003443,HL360881,05/17/2005 02:40:25 AM,007XX W 31ST ST,1330,CRIMINAL TRESPASS,TO LAND,RESTAURANT,true,false,0924,11,26,1171678,1884328,2005,02/10/2018 03:50:01 PM,41.838055408,-87.645528134,"(41.838055408, -87.645528134)"
4022433,HL377111,05/24/2005 04:35:00 PM,007XX W 31ST ST,2825,OTHER OFFENSE,HARASSMENT BY TELEPHONE,APARTMENT,false,true,0923,11,26,1171946,1884334,2005,02/28/2018 03:56:25 PM,41.838065979,-87.644544545,"(41.838065979, -87.644544545)"
4220253,HL545699,08/12/2005 06:00:00 PM,007XX W 31ST ST,0620,BURGLARY,UNLAWFUL ENTRY,APARTMENT,false,false,0923,11,05,1171716,1884329,2005,02/10/2018 03:50:01 PM,41.838057317,-87.645388665,"(41.838057317, -87.645388665)"
4118518,HL454370,06/30/2005 04:39:00 PM,007XX W 31ST ST,0860,THEFT,RETAIL THEFT,DRUG STORE,true,false,0924,11,06,1171697,1884328,2005,02/28/2018 03:56:25 PM,41.83805499,-87.645458414,"(41.83805499, -87.645458414)"
4046929,HL397838,06/04/2005 02:24:55 AM,007XX W 31ST ST,2820,OTHER OFFENSE,TELEPHONE THREAT,APARTMENT,false,true,0923,11,26,1171946,1884334,2005,02/28/2018 03:56:25 PM,41.838065979,-87.644544545,"(41.838065979, -87.644544545)"
4168755,HL497176,07/20/2005 06:30:00 PM,007XX W 31ST ST,1330,CRIMINAL TRESPASS,TO LAND,DRUG STORE,false,false,0924,11,26,1171697,1884328,2005,02/28/2018 03:56:25 PM,41.83805499,-87.645458414,"(41.83805499, -87.645458414)"
4086091,HL429493,06/18/2005 08:55:00 PM,007XX W 31ST ST,0860,THEFT,RETAIL THEFT,GROCERY FOOD STORE,false,false,0924,11,06,1171697,1884328,2005,02/10/2018 03:50:01 PM,41.83805499,-87.645458414,"(41.83805499, -87.645458414)"
4070798,HL415377,06/12/2005 09:10:00 AM,007XX W 31ST ST,0860,THEFT,RETAIL THEFT,GROCERY FOOD STORE,true,false,0924,11,06,1171697,1884328,2005,02/28/2018 03:56:25 PM,41.83805499,-87.645458414,"(41.83805499, -87.645458414)"
4224767,HL550946,08/15/2005 05:30:00 AM,007XX W 31ST ST,1310,CRIMINAL DAMAGE,TO PROPERTY,SMALL RETAIL STORE,false,false,0923,11,14,1172041,1884337,2005,02/28/2018 03:56:25 PM,41.83807212,-87.644195859,"(41.83807212, -87.644195859)"
4056160,HL405153,06/07/2005 02:30:00 PM,007XX W 31ST ST,0865,THEFT,DELIVERY CONTAINER THEFT,ALLEY,false,false,0924,11,06,1171692,1884328,2005,02/28/2018 03:56:25 PM,41.8380551,-87.645476761,"(41.8380551, -87.645476761)"
4265561,HL581495,08/30/2005 05:10:00 PM,007XX W 31ST ST,0860,THEFT,RETAIL THEFT,DRUG STORE,true,false,0924,11,06,1171697,1884328,2005,02/28/2018 03:56:25 PM,41.83805499,-87.645458414,"(41.83805499, -87.645458414)"
4238349,HL561663,08/20/2005 10:35:00 PM,007XX W 31ST ST,0820,THEFT,$500 AND UNDER,STREET,false,false,0923,11,06,1171716,1884329,2005,02/28/2018 03:56:25 PM,41.838057317,-87.645388665,"(41.838057317, -87.645388665)"
4183185,HL511502,07/27/2005 04:35:51 PM,007XX W 31ST ST,0860,THEFT,RETAIL THEFT,DRUG STORE,true,false,0924,11,06,1171697,1884328,2005,02/28/2018 03:56:25 PM,41.83805499,-87.645458414,"(41.83805499, -87.645458414)"
4066224,HL413814,05/27/2005 02:44:00 PM,007XX W 31ST ST,0890,THEFT,FROM BUILDING,RESIDENCE PORCH/HALLWAY,false,false,0923,11,06,1171958,1884334,2005,02/28/2018 03:56:25 PM,41.838065715,-87.644500512,"(41.838065715, -87.644500512)"
4081240,HL426228,06/17/2005 10:20:00 AM,007XX W 31ST ST,0820,THEFT,$500 AND UNDER,PARKING LOT/GARAGE(NON.RESID.),false,false,0924,11,06,1171721,1884329,2005,02/28/2018 03:56:25 PM,41.838057207,-87.645370318,"(41.838057207, -87.645370318)"
4262041,HL580616,08/29/2005 09:00:00 PM,007XX W 31ST ST,1320,CRIMINAL DAMAGE,TO VEHICLE,PARKING LOT/GARAGE(NON.RESID.),false,false,0923,11,14,1171993,1884335,2005,02/10/2018 03:50:01 PM,41.838067689,-87.644372052,"(41.838067689, -87.644372052)"
4270701,HL583306,08/31/2005 03:00:00 PM,007XX W 31ST ST,0860,THEFT,RETAIL THEFT,DRUG STORE,true,false,0924,11,06,1171697,1884328,2005,02/10/2018 03:50:01 PM,41.83805499,-87.645458414,"(41.83805499, -87.645458414)"
4241277,HL563396,08/21/2005 04:21:00 PM,007XX W 31ST ST,0820,THEFT,$500 AND UNDER,TAVERN/LIQUOR STORE,false,false,0923,11,06,1171692,1884328,2005,02/28/2018 03:56:25 PM,41.8380551,-87.645476761,"(41.8380551, -87.645476761)"
4096553,HL430474,06/19/2005 11:30:00 AM,007XX W 31ST ST,0890,THEFT,FROM BUILDING,RESIDENCE,false,true,0923,11,06,1171946,1884334,2005,02/28/2018 03:56:25 PM,41.838065979,-87.644544545,"(41.838065979, -87.644544545)"
4228755,HL551984,08/16/2005 05:40:00 AM,007XX W 31ST ST,0820,THEFT,$500 AND UNDER,CONSTRUCTION SITE,true,false,0924,11,06,1172005,1884336,2005,02/10/2018 03:50:01 PM,41.838070169,-87.644327989,"(41.838070169, -87.644327989)"
4104751,HL441575,06/24/2005 04:45:00 PM,007XX W 31ST ST,0860,THEFT,RETAIL THEFT,SMALL RETAIL STORE,true,false,0924,11,06,1171697,1884328,2005,02/28/2018 03:56:25 PM,41.83805499,-87.645458414,"(41.83805499, -87.645458414)"
4081821,HL426226,06/17/2005 09:55:00 AM,007XX W 31ST ST,2825,OTHER OFFENSE,HARASSMENT BY TELEPHONE,COMMERCIAL / BUSINESS OFFICE,false,false,0923,11,26,1171993,1884335,2005,02/28/2018 03:56:25 PM,41.838067689,-87.644372052,"(41.838067689, -87.644372052)"
4115072,HL450445,06/22/2005 09:00:00 AM,007XX W 31ST ST,1120,DECEPTIVE PRACTICE,FORGERY,BANK,false,false,0924,11,10,1171658,1884327,2005,02/28/2018 03:56:25 PM,41.838053103,-87.645601552,"(41.838053103, -87.645601552)"
4070193,HL419135,06/13/2005 11:00:00 PM,007XX W 31ST ST,0820,THEFT,$500 AND UNDER,RESTAURANT,false,false,0924,11,06,1171678,1884328,2005,02/28/2018 03:56:25 PM,41.838055408,-87.645528134,"(41.838055408, -87.645528134)"
4462385,HL759579,11/28/2005 09:59:00 AM,007XX W 31ST ST,0860,THEFT,RETAIL THEFT,DRUG STORE,true,false,0924,11,06,1171697,1884328,2005,02/28/2018 03:56:25 PM,41.83805499,-87.645458414,"(41.83805499, -87.645458414)"
4342183,HL623884,09/19/2005 07:00:00 PM,007XX W 31ST ST,0820,THEFT,$500 AND UNDER,PARKING LOT/GARAGE(NON.RESID.),false,false,0924,11,06,1171687,1884328,2005,02/28/2018 03:56:25 PM,41.83805521,-87.645495109,"(41.83805521, -87.645495109)"
4369101,HL664012,10/09/2005 02:00:00 PM,007XX W 31ST ST,0610,BURGLARY,FORCIBLE ENTRY,APARTMENT,false,true,0923,11,05,1171946,1884334,2005,02/28/2018 03:56:25 PM,41.838065979,-87.644544545,"(41.838065979, -87.644544545)"
4425152,HL719454,11/06/2005 02:41:13 PM,007XX W 31ST ST,0860,THEFT,RETAIL THEFT,DRUG STORE,true,false,0924,11,06,1171697,1884328,2005,02/10/2018 03:50:01 PM,41.83805499,-87.645458414,"(41.83805499, -87.645458414)"
4512178,HL817601,12/30/2005 04:04:00 PM,007XX W 31ST ST,0860,THEFT,RETAIL THEFT,DRUG STORE,true,false,0924,11,06,1171697,1884328,2005,02/28/2018 03:56:25 PM,41.83805499,-87.645458414,"(41.83805499, -87.645458414)"
4463681,HL762818,11/29/2005 09:00:00 PM,007XX W 31ST ST,1121,DECEPTIVE PRACTICE,COUNTERFEITING DOCUMENT,GROCERY FOOD STORE,false,false,0923,11,10,1171687,1884328,2005,02/28/2018 03:56:25 PM,41.83805521,-87.645495109,"(41.83805521, -87.645495109)"
4470294,HL763674,11/20/2005 04:00:00 PM,007XX W 31ST ST,0810,THEFT,OVER $500,CONSTRUCTION SITE,false,false,0924,11,06,1172053,1884337,2005,02/28/2018 03:56:25 PM,41.838071856,-87.644151826,"(41.838071856, -87.644151826)"
4471269,HL769979,12/03/2005 04:12:00 PM,007XX W 31ST ST,0860,THEFT,RETAIL THEFT,DRUG STORE,true,false,0924,11,06,1171697,1884328,2005,02/28/2018 03:56:25 PM,41.83805499,-87.645458414,"(41.83805499, -87.645458414)"
4438008,HL735637,11/14/2005 08:00:00 PM,007XX W 31ST ST,1310,CRIMINAL DAMAGE,TO PROPERTY,DRUG STORE,false,false,0924,11,14,1171697,1884328,2005,02/28/2018 03:56:25 PM,41.83805499,-87.645458414,"(41.83805499, -87.645458414)"
4462179,HL758421,11/27/2005 03:45:00 PM,007XX W 31ST ST,0860,THEFT,RETAIL THEFT,DRUG STORE,true,false,0924,11,06,1171697,1884328,2005,02/28/2018 03:56:25 PM,41.83805499,-87.645458414,"(41.83805499, -87.645458414)"
4332613,HL636039,09/24/2005 07:00:00 PM,007XX W 31ST ST,0810,THEFT,OVER $500,COMMERCIAL / BUSINESS OFFICE,false,false,0924,11,06,1171668,1884327,2005,02/28/2018 03:56:25 PM,41.838052883,-87.645564858,"(41.838052883, -87.645564858)"
4480934,HL780772,12/09/2005 07:40:00 PM,007XX W 31ST ST,0860,THEFT,RETAIL THEFT,DRUG STORE,true,false,0924,11,06,1171697,1884328,2005,02/10/2018 03:50:01 PM,41.83805499,-87.645458414,"(41.83805499, -87.645458414)"
4382413,HL677022,10/16/2005 05:30:00 PM,007XX W 31ST ST,0860,THEFT,RETAIL THEFT,SMALL RETAIL STORE,true,false,0924,11,06,1171697,1884328,2005,02/28/2018 03:56:25 PM,41.83805499,-87.645458414,"(41.83805499, -87.645458414)"
4637675,HM235493,03/16/2006 12:49:24 PM,007XX W 31ST ST,0860,THEFT,RETAIL THEFT,DRUG STORE,true,false,0924,11,06,1171697,1884328,2006,02/28/2018 03:56:25 PM,41.83805499,-87.645458414,"(41.83805499, -87.645458414)"
4677580,HM279765,04/08/2006 06:15:00 PM,007XX W 31ST ST,1310,CRIMINAL DAMAGE,TO PROPERTY,RESIDENCE,false,false,0923,11,14,1172041,1884337,2006,02/10/2018 03:50:01 PM,41.83807212,-87.644195859,"(41.83807212, -87.644195859)"
4555564,HM143759,01/25/2006 03:27:00 AM,007XX W 31ST ST,0610,BURGLARY,FORCIBLE ENTRY,TAVERN/LIQUOR STORE,false,false,0923,11,05,1171692,1884328,2006,02/10/2018 03:50:01 PM,41.8380551,-87.645476761,"(41.8380551, -87.645476761)"
4689668,HM293128,04/15/2006 06:04:00 PM,007XX W 31ST ST,0890,THEFT,FROM BUILDING,SIDEWALK,false,false,0923,11,06,1172053,1884337,2006,02/28/2018 03:56:25 PM,41.838071856,-87.644151826,"(41.838071856, -87.644151826)"
4628957,HM227638,03/12/2006 05:25:00 AM,007XX W 31ST ST,1210,DECEPTIVE PRACTICE,THEFT OF LABOR/SERVICES,STREET,false,false,0923,11,11,1172053,1884337,2006,02/28/2018 03:56:25 PM,41.838071856,-87.644151826,"(41.838071856, -87.644151826)"
4676196,HM277336,04/01/2006 03:30:00 PM,007XX W 31ST ST,1130,DECEPTIVE PRACTICE,FRAUD OR CONFIDENCE GAME,STREET,false,false,0924,11,11,1171721,1884329,2006,02/28/2018 03:56:25 PM,41.838057207,-87.645370318,"(41.838057207, -87.645370318)"
4884957,HM499263,07/25/2006 10:43:15 PM,007XX W 31ST ST,0560,ASSAULT,SIMPLE,STREET,false,false,0923,11,08A,1171887,1884332,2006,02/10/2018 03:50:01 PM,41.838061789,-87.644761101,"(41.838061789, -87.644761101)"
4893073,HM507413,07/29/2006 04:30:00 PM,007XX W 31ST ST,1330,CRIMINAL TRESPASS,TO LAND,DRUG STORE,true,false,0924,11,26,1171697,1884328,2006,02/28/2018 03:56:25 PM,41.83805499,-87.645458414,"(41.83805499, -87.645458414)"
4931244,HM543698,08/16/2006 12:42:31 PM,007XX W 31ST ST,0560,ASSAULT,SIMPLE,PARKING LOT/GARAGE(NON.RESID.),true,false,0924,11,08A,1171653,1884327,2006,02/28/2018 03:56:25 PM,41.838053213,-87.645619899,"(41.838053213, -87.645619899)"
4763971,HM375850,05/27/2006 12:30:00 AM,007XX W 31ST ST,0430,BATTERY,AGGRAVATED: OTHER DANG WEAPON,STREET,false,false,0924,11,04B,1172029,1884336,2006,02/28/2018 03:56:25 PM,41.83806964,-87.644239922,"(41.83806964, -87.644239922)"
4807469,HM419514,06/16/2006 07:30:00 PM,007XX W 31ST ST,0610,BURGLARY,FORCIBLE ENTRY,SMALL RETAIL STORE,false,false,0924,11,05,1171668,1884327,2006,02/28/2018 03:56:25 PM,41.838052883,-87.645564858,"(41.838052883, -87.645564858)"
4805595,HM330494,05/04/2006 04:51:48 PM,007XX W 31ST ST,1811,NARCOTICS,POSS: CANNABIS 30GMS OR LESS,ALLEY,true,false,0924,11,18,1171697,1884328,2006,02/28/2018 03:56:25 PM,41.83805499,-87.645458414,"(41.83805499, -87.645458414)"
4780443,HM294737,04/16/2006 05:00:00 PM,007XX W 31ST ST,2024,NARCOTICS,POSS: HEROIN(WHITE),VEHICLE NON-COMMERCIAL,true,false,0924,11,18,1171682,1884328,2006,02/28/2018 03:56:25 PM,41.83805532,-87.645513456,"(41.83805532, -87.645513456)"
4789052,HM401857,06/08/2006 05:22:00 PM,007XX W 31ST ST,0890,THEFT,FROM BUILDING,DRUG STORE,false,false,0924,11,06,1171697,1884328,2006,02/28/2018 03:56:25 PM,41.83805499,-87.645458414,"(41.83805499, -87.645458414)"
5032868,HM617474,09/22/2006 09:46:00 PM,007XX W 31ST ST,0860,THEFT,RETAIL THEFT,DRUG STORE,true,false,0924,11,06,1171697,1884328,2006,02/10/2018 03:50:01 PM,41.83805499,-87.645458414,"(41.83805499, -87.645458414)"
5115503,HM716892,11/12/2006 12:30:00 PM,007XX W 31ST ST,0486,BATTERY,DOMESTIC BATTERY SIMPLE,DRUG STORE,false,true,0924,11,08B,1171697,1884328,2006,02/28/2018 03:56:25 PM,41.83805499,-87.645458414,"(41.83805499, -87.645458414)"
4959088,HM572411,08/30/2006 10:45:00 PM,007XX W 31ST ST,0820,THEFT,$500 AND UNDER,SIDEWALK,false,false,0924,11,06,1172053,1884337,2006,02/28/2018 03:56:25 PM,41.838071856,-87.644151826,"(41.838071856, -87.644151826)"
5149995,HM738599,11/24/2006 08:57:00 PM,007XX W 31ST ST,1330,CRIMINAL TRESPASS,TO LAND,RESTAURANT,true,false,0924,11,26,1171668,1884327,2006,02/10/2018 03:50:01 PM,41.838052883,-87.645564858,"(41.838052883, -87.645564858)"
5033022,HM617518,09/22/2006 10:10:00 PM,007XX W 31ST ST,1110,DECEPTIVE PRACTICE,BOGUS CHECK,DRUG STORE,true,false,0924,11,11,1171697,1884328,2006,02/28/2018 03:56:25 PM,41.83805499,-87.645458414,"(41.83805499, -87.645458414)"
5099891,HM701381,11/04/2006 04:30:00 PM,007XX W 31ST ST,0460,BATTERY,SIMPLE,PARKING LOT/GARAGE(NON.RESID.),false,false,0924,11,08B,1171658,1884327,2006,02/28/2018 03:56:25 PM,41.838053103,-87.645601552,"(41.838053103, -87.645601552)"
5041307,HM650366,10/09/2006 05:55:00 PM,007XX W 31ST ST,0320,ROBBERY,STRONGARM - NO WEAPON,PARKING LOT/GARAGE(NON.RESID.),false,false,0924,11,03,1171658,1884327,2006,02/28/2018 03:56:25 PM,41.838053103,-87.645601552,"(41.838053103, -87.645601552)"
5046751,HM653465,10/11/2006 09:45:00 AM,007XX W 31ST ST,1330,CRIMINAL TRESPASS,TO LAND,SMALL RETAIL STORE,true,false,0924,11,26,1171653,1884327,2006,02/28/2018 03:56:25 PM,41.838053213,-87.645619899,"(41.838053213, -87.645619899)"
4962425,HM574485,08/31/2006 10:45:00 PM,007XX W 31ST ST,1305,CRIMINAL DAMAGE,CRIMINAL DEFACEMENT,DRUG STORE,false,false,0924,11,14,1171697,1884328,2006,02/28/2018 03:56:25 PM,41.83805499,-87.645458414,"(41.83805499, -87.645458414)"
5433090,HN255196,03/29/2007 09:09:00 PM,007XX W 31ST ST,0860,THEFT,RETAIL THEFT,DRUG STORE,true,false,0924,11,06,1171697,1884328,2007,02/10/2018 03:50:01 PM,41.83805499,-87.645458414,"(41.83805499, -87.645458414)"
5264272,HN138023,01/22/2007 05:50:00 PM,007XX W 31ST ST,1811,NARCOTICS,POSS: CANNABIS 30GMS OR LESS,SIDEWALK,true,false,0924,11,18,1171721,1884329,2007,02/28/2018 03:56:25 PM,41.838057207,-87.645370318,"(41.838057207, -87.645370318)"
5365819,HN217250,03/09/2007 09:54:19 PM,007XX W 31ST ST,2210,LIQUOR LAW VIOLATION,SELL/GIVE/DEL LIQUOR TO MINOR,TAVERN/LIQUOR STORE,true,false,0923,11,22,1171692,1884328,2007,02/28/2018 03:56:25 PM,41.8380551,-87.645476761,"(41.8380551, -87.645476761)"
5279218,HN148432,01/28/2007 05:30:00 PM,007XX W 31ST ST,0312,ROBBERY,ARMED:KNIFE/CUTTING INSTRUMENT,DRUG STORE,true,false,0924,11,03,1171697,1884328,2007,02/28/2018 03:56:25 PM,41.83805499,-87.645458414,"(41.83805499, -87.645458414)"
5452212,HN281929,04/13/2007 09:30:00 PM,007XX W 31ST ST,1320,CRIMINAL DAMAGE,TO VEHICLE,PARKING LOT/GARAGE(NON.RESID.),false,false,0924,11,14,1171697,1884328,2007,02/28/2018 03:56:25 PM,41.83805499,-87.645458414,"(41.83805499, -87.645458414)"
5322732,HN181325,02/17/2007 09:05:00 AM,007XX W 31ST ST,0460,BATTERY,SIMPLE,RESTAURANT,false,false,0924,11,08B,1171678,1884328,2007,02/28/2018 03:56:25 PM,41.838055408,-87.645528134,"(41.838055408, -87.645528134)"
5420169,HN255013,03/29/2007 07:25:00 PM,007XX W 31ST ST,0860,THEFT,RETAIL THEFT,DRUG STORE,true,false,0924,11,06,1171697,1884328,2007,02/28/2018 03:56:25 PM,41.83805499,-87.645458414,"(41.83805499, -87.645458414)"
5202203,HM792169,12/24/2006 10:27:00 AM,007XX W 31ST ST,0860,THEFT,RETAIL THEFT,SMALL RETAIL STORE,false,false,0924,11,06,1171668,1884327,2006,02/28/2018 03:56:25 PM,41.838052883,-87.645564858,"(41.838052883, -87.645564858)"
5382748,HN231526,03/17/2007 12:00:00 PM,007XX W 31ST ST,2090,NARCOTICS,ALTER/FORGE PRESCRIPTION,DRUG STORE,true,false,0924,11,18,1171697,1884328,2007,02/28/2018 03:56:25 PM,41.83805499,-87.645458414,"(41.83805499, -87.645458414)"
5224571,HM646799,10/07/2006 08:27:30 PM,007XX W 31ST ST,2022,NARCOTICS,POSS: COCAINE,ALLEY,true,false,0924,11,18,1171697,1884328,2006,02/28/2018 03:56:25 PM,41.83805499,-87.645458414,"(41.83805499, -87.645458414)"
5410736,HN250721,03/27/2007 03:00:00 PM,007XX W 31ST ST,2090,NARCOTICS,ALTER/FORGE PRESCRIPTION,DRUG STORE,true,false,0924,11,18,1171697,1884328,2007,02/28/2018 03:56:25 PM,41.83805499,-87.645458414,"(41.83805499, -87.645458414)"
5545090,HN354760,05/20/2007 08:17:51 PM,007XX W 31ST ST,0860,THEFT,RETAIL THEFT,DRUG STORE,false,false,0924,11,06,1171697,1884328,2007,02/28/2018 03:56:25 PM,41.83805499,-87.645458414,"(41.83805499, -87.645458414)"
5685465,HN492999,07/27/2007 07:46:15 PM,007XX W 31ST ST,0860,THEFT,RETAIL THEFT,GROCERY FOOD STORE,false,false,0924,11,06,1171697,1884328,2007,02/10/2018 03:50:01 PM,41.83805499,-87.645458414,"(41.83805499, -87.645458414)"
5559712,HN364587,05/25/2007 03:12:00 PM,007XX W 31ST ST,0860,THEFT,RETAIL THEFT,DRUG STORE,true,false,0924,11,06,1171697,1884328,2007,02/28/2018 03:56:25 PM,41.83805499,-87.645458414,"(41.83805499, -87.645458414)"
5604757,HN413999,06/18/2007 07:38:36 PM,007XX W 31ST ST,0860,THEFT,RETAIL THEFT,DRUG STORE,true,false,0924,11,06,1171697,1884328,2007,02/28/2018 03:56:25 PM,41.83805499,-87.645458414,"(41.83805499, -87.645458414)"
5625243,HN431099,06/27/2007 09:14:39 AM,007XX W 31ST ST,1310,CRIMINAL DAMAGE,TO PROPERTY,APARTMENT,false,false,0924,11,14,1171922,1884333,2007,02/28/2018 03:56:25 PM,41.838063763,-87.644632641,"(41.838063763, -87.644632641)"
5616101,HN414065,06/18/2007 07:30:00 PM,007XX W 31ST ST,1811,NARCOTICS,POSS: CANNABIS 30GMS OR LESS,DRUG STORE,true,false,0923,11,18,1171687,1884328,2007,02/28/2018 03:56:25 PM,41.83805521,-87.645495109,"(41.83805521, -87.645495109)"
5594876,HN399945,06/12/2007 08:00:00 AM,007XX W 31ST ST,0820,THEFT,$500 AND UNDER,STREET,false,false,0924,11,06,1171970,1884335,2007,02/28/2018 03:56:25 PM,41.838068195,-87.644456449,"(41.838068195, -87.644456449)"
5465349,HN153974,01/31/2007 07:35:00 PM,007XX W 31ST ST,2210,LIQUOR LAW VIOLATION,SELL/GIVE/DEL LIQUOR TO MINOR,DRUG STORE,true,false,0924,11,22,1171697,1884328,2007,02/28/2018 03:56:25 PM,41.83805499,-87.645458414,"(41.83805499, -87.645458414)"
5534662,HN330764,05/08/2007 08:15:00 PM,007XX W 31ST ST,0860,THEFT,RETAIL THEFT,DRUG STORE,true,false,0924,11,06,1171697,1884328,2007,02/10/2018 03:50:01 PM,41.83805499,-87.645458414,"(41.83805499, -87.645458414)"
5827818,HN638648,10/09/2007 07:40:27 PM,007XX W 31ST ST,0320,ROBBERY,STRONGARM - NO WEAPON,STREET,false,false,0924,11,03,1172053,1884337,2007,02/28/2018 03:56:25 PM,41.838071856,-87.644151826,"(41.838071856, -87.644151826)"
5710768,HN519207,08/09/2007 07:45:00 PM,007XX W 31ST ST,0860,THEFT,RETAIL THEFT,DRUG STORE,false,false,0924,11,06,1171697,1884328,2007,02/28/2018 03:56:25 PM,41.83805499,-87.645458414,"(41.83805499, -87.645458414)"
5765662,HN574962,08/31/2007 12:00:00 PM,007XX W 31ST ST,1152,DECEPTIVE PRACTICE,ILLEGAL USE CASH CARD,RESIDENCE,false,false,0923,11,11,1171946,1884334,2007,02/28/2018 03:56:25 PM,41.838065979,-87.644544545,"(41.838065979, -87.644544545)"
5728851,HN535045,08/17/2007 06:22:47 PM,007XX W 31ST ST,0460,BATTERY,SIMPLE,SMALL RETAIL STORE,true,false,0923,11,08B,1172041,1884337,2007,02/28/2018 03:56:25 PM,41.83807212,-87.644195859,"(41.83807212, -87.644195859)"
5877032,HN681055,10/31/2007 02:20:00 PM,007XX W 31ST ST,1130,DECEPTIVE PRACTICE,FRAUD OR CONFIDENCE GAME,DRUG STORE,true,false,0924,11,11,1171721,1884329,2007,02/28/2018 03:56:25 PM,41.838057207,-87.645370318,"(41.838057207, -87.645370318)"
5794596,HN605202,09/22/2007 06:39:37 PM,007XX W 31ST ST,1330,CRIMINAL TRESPASS,TO LAND,DRUG STORE,true,false,0924,11,26,1171697,1884328,2007,02/28/2018 03:56:25 PM,41.83805499,-87.645458414,"(41.83805499, -87.645458414)"
5739472,HN461593,07/12/2007 11:15:00 AM,007XX W 31ST ST,1680,GAMBLING,OTHER,STREET,true,false,0924,11,19,1171678,1884328,2007,02/10/2018 03:50:01 PM,41.838055408,-87.645528134,"(41.838055408, -87.645528134)"
5902463,HN700643,11/10/2007 06:00:00 PM,007XX W 31ST ST,1110,DECEPTIVE PRACTICE,BOGUS CHECK,RESTAURANT,false,false,0924,11,11,1172053,1884337,2007,02/28/2018 03:56:25 PM,41.838071856,-87.644151826,"(41.838071856, -87.644151826)"
6071363,HP170723,02/11/2008 06:40:00 PM,007XX W 31ST ST,0860,THEFT,RETAIL THEFT,DRUG STORE,false,false,0924,11,06,1171697,1884328,2008,02/28/2018 03:56:25 PM,41.83805499,-87.645458414,"(41.83805499, -87.645458414)"
6122932,HP216695,03/10/2008 12:15:00 AM,007XX W 31ST ST,0560,ASSAULT,SIMPLE,APARTMENT,false,true,0924,11,08A,1172053,1884337,2008,02/28/2018 03:56:25 PM,41.838071856,-87.644151826,"(41.838071856, -87.644151826)"
6054568,HP153157,01/31/2008 05:40:00 PM,007XX W 31ST ST,1330,CRIMINAL TRESPASS,TO LAND,RESTAURANT,true,false,0924,11,26,1171678,1884328,2008,02/28/2018 03:56:25 PM,41.838055408,-87.645528134,"(41.838055408, -87.645528134)"
5998530,HP106905,01/04/2008 07:00:00 PM,007XX W 31ST ST,0560,ASSAULT,SIMPLE,DEPARTMENT STORE,false,false,0924,11,08A,1171668,1884327,2008,02/10/2018 03:50:01 PM,41.838052883,-87.645564858,"(41.838052883, -87.645564858)"
5927968,HN727967,11/26/2007 04:30:00 PM,007XX W 31ST ST,1130,DECEPTIVE PRACTICE,FRAUD OR CONFIDENCE GAME,STREET,true,false,0924,11,11,1171721,1884329,2007,02/28/2018 03:56:25 PM,41.838057207,-87.645370318,"(41.838057207, -87.645370318)"
6046108,HP148165,01/28/2008 08:15:00 PM,007XX W 31ST ST,0860,THEFT,RETAIL THEFT,DRUG STORE,true,false,0924,11,06,1171697,1884328,2008,02/10/2018 03:50:01 PM,41.83805499,-87.645458414,"(41.83805499, -87.645458414)"
6180372,HP269200,04/08/2008 07:30:00 PM,007XX W 31ST ST,0860,THEFT,RETAIL THEFT,SMALL RETAIL STORE,false,false,0924,11,06,1171668,1884327,2008,02/28/2018 03:56:25 PM,41.838052883,-87.645564858,"(41.838052883, -87.645564858)"
6376377,HP462750,07/19/2008 07:58:00 PM,007XX W 31ST ST,0860,THEFT,RETAIL THEFT,DRUG STORE,false,false,0924,11,06,1171697,1884328,2008,02/28/2018 03:56:25 PM,41.83805499,-87.645458414,"(41.83805499, -87.645458414)"
6313671,HP403020,06/18/2008 08:01:56 PM,007XX W 31ST ST,0460,BATTERY,SIMPLE,PARKING LOT/GARAGE(NON.RESID.),false,false,0924,11,08B,1172053,1884337,2008,02/28/2018 03:56:25 PM,41.838071856,-87.644151826,"(41.838071856, -87.644151826)"
6311523,HP400264,06/17/2008 12:05:00 PM,007XX W 31ST ST,0860,THEFT,RETAIL THEFT,DRUG STORE,false,false,0924,11,06,1171697,1884328,2008,02/28/2018 03:56:25 PM,41.83805499,-87.645458414,"(41.83805499, -87.645458414)"
6313774,HP402269,06/18/2008 01:24:41 PM,007XX W 31ST ST,0560,ASSAULT,SIMPLE,SMALL RETAIL STORE,false,false,0924,11,08A,1171697,1884328,2008,02/10/2018 03:50:01 PM,41.83805499,-87.645458414,"(41.83805499, -87.645458414)"
6170074,HP257899,04/02/2008 04:00:00 PM,007XX W 31ST ST,0820,THEFT,$500 AND UNDER,SMALL RETAIL STORE,false,false,0924,11,06,1171697,1884328,2008,02/28/2018 03:56:25 PM,41.83805499,-87.645458414,"(41.83805499, -87.645458414)"
6306366,HP395052,06/14/2008 04:09:00 PM,007XX W 31ST ST,1330,CRIMINAL TRESPASS,TO LAND,PARKING LOT/GARAGE(NON.RESID.),true,false,0924,11,26,1171663,1884327,2008,02/28/2018 03:56:25 PM,41.838052993,-87.645583205,"(41.838052993, -87.645583205)"
6226466,HP313380,04/08/2008 08:00:00 PM,007XX W 31ST ST,0860,THEFT,RETAIL THEFT,SMALL RETAIL STORE,false,false,0924,11,06,1171668,1884327,2008,02/28/2018 03:56:25 PM,41.838052883,-87.645564858,"(41.838052883, -87.645564858)"
6244532,HP328746,05/10/2008 08:25:00 PM,007XX W 31ST ST,1320,CRIMINAL DAMAGE,TO VEHICLE,PARKING LOT/GARAGE(NON.RESID.),false,false,0924,11,14,1171673,1884328,2008,02/28/2018 03:56:25 PM,41.838055518,-87.645546481,"(41.838055518, -87.645546481)"
6227711,HP296402,04/23/2008 01:20:00 PM,007XX W 31ST ST,051A,ASSAULT,AGGRAVATED: HANDGUN,RESIDENCE,false,true,0924,11,04A,1171922,1884333,2008,09/07/2021 03:41:02 PM,41.838063763,-87.644632641,"(41.838063763, -87.644632641)"
6269012,HP356248,05/25/2008 07:26:37 PM,007XX W 31ST ST,0860,THEFT,RETAIL THEFT,DRUG STORE,true,false,0924,11,06,1171697,1884328,2008,02/28/2018 03:56:25 PM,41.83805499,-87.645458414,"(41.83805499, -87.645458414)"
6236243,HP319938,05/06/2008 10:00:00 AM,007XX W 31ST ST,2090,NARCOTICS,ALTER/FORGE PRESCRIPTION,DRUG STORE,true,true,0924,11,18,1171697,1884328,2008,02/28/2018 03:56:25 PM,41.83805499,-87.645458414,"(41.83805499, -87.645458414)"
6254758,HP342928,05/17/2008 03:00:00 PM,007XX W 31ST ST,0890,THEFT,FROM BUILDING,RESIDENCE-GARAGE,false,false,0923,11,06,1171702,1884328,2008,02/28/2018 03:56:25 PM,41.83805488,-87.645440067,"(41.83805488, -87.645440067)"
6306387,HP393537,06/13/2008 07:35:00 PM,007XX W 31ST ST,0860,THEFT,RETAIL THEFT,DRUG STORE,false,false,0924,11,06,1171697,1884328,2008,02/28/2018 03:56:25 PM,41.83805499,-87.645458414,"(41.83805499, -87.645458414)"
6299857,HP389260,06/11/2008 02:35:00 PM,007XX W 31ST ST,0820,THEFT,$500 AND UNDER,STREET,false,false,0924,11,06,1171993,1884335,2008,02/28/2018 03:56:25 PM,41.838067689,-87.644372052,"(41.838067689, -87.644372052)"
6229073,HP317382,05/05/2008 12:20:00 AM,007XX W 31ST ST,0460,BATTERY,SIMPLE,RESTAURANT,false,false,0924,11,08B,1171673,1884328,2008,02/28/2018 03:56:25 PM,41.838055518,-87.645546481,"(41.838055518, -87.645546481)"
6361941,HP442539,07/09/2008 05:03:00 PM,007XX W 31ST ST,0860,THEFT,RETAIL THEFT,DEPARTMENT STORE,false,false,0924,11,06,1171697,1884328,2008,02/28/2018 03:56:25 PM,41.83805499,-87.645458414,"(41.83805499, -87.645458414)"
6449422,HP528756,08/22/2008 09:30:00 AM,007XX W 31ST ST,0610,BURGLARY,FORCIBLE ENTRY,APARTMENT,false,false,0923,11,05,1171712,1884329,2008,02/28/2018 03:56:25 PM,41.838057405,-87.645403343,"(41.838057405, -87.645403343)"
6570304,HP641503,10/22/2008 12:15:00 PM,007XX W 31ST ST,0860,THEFT,RETAIL THEFT,DRUG STORE,false,false,0924,11,06,1171697,1884328,2008,02/28/2018 03:56:25 PM,41.83805499,-87.645458414,"(41.83805499, -87.645458414)"
6476902,HP552620,09/04/2008 10:50:00 AM,007XX W 31ST ST,0860,THEFT,RETAIL THEFT,DRUG STORE,true,false,0924,11,06,1171697,1884328,2008,02/28/2018 03:56:25 PM,41.83805499,-87.645458414,"(41.83805499, -87.645458414)"
6591802,HP664847,11/03/2008 05:00:00 PM,007XX W 31ST ST,0810,THEFT,OVER $500,STREET,false,false,0924,11,06,1171946,1884334,2008,02/28/2018 03:56:25 PM,41.838065979,-87.644544545,"(41.838065979, -87.644544545)"
6591901,HP664307,11/03/2008 07:20:00 PM,007XX W 31ST ST,1570,SEX OFFENSE,PUBLIC INDECENCY,ALLEY,false,false,0924,11,17,1171697,1884328,2008,02/28/2018 03:56:25 PM,41.83805499,-87.645458414,"(41.83805499, -87.645458414)"
6406606,HP489584,08/02/2008 09:25:00 AM,007XX W 31ST ST,0860,THEFT,RETAIL THEFT,DRUG STORE,false,false,0924,11,06,1171697,1884328,2008,02/28/2018 03:56:25 PM,41.83805499,-87.645458414,"(41.83805499, -87.645458414)"
6508972,HP581326,09/19/2008 06:00:00 PM,007XX W 31ST ST,1330,CRIMINAL TRESPASS,TO LAND,DRUG STORE,true,false,0924,11,26,1171697,1884328,2008,02/28/2018 03:56:25 PM,41.83805499,-87.645458414,"(41.83805499, -87.645458414)"
6505986,HP578515,09/18/2008 10:40:00 AM,007XX W 31ST ST,0860,THEFT,RETAIL THEFT,DRUG STORE,true,false,0924,11,06,1171697,1884328,2008,02/28/2018 03:56:25 PM,41.83805499,-87.645458414,"(41.83805499, -87.645458414)"
6587023,HP658821,10/31/2008 10:00:00 PM,007XX W 31ST ST,0860,THEFT,RETAIL THEFT,DRUG STORE,true,false,0924,11,06,1171697,1884328,2008,02/28/2018 03:56:25 PM,41.83805499,-87.645458414,"(41.83805499, -87.645458414)"
6443968,HP510091,08/13/2008 12:42:00 AM,007XX W 31ST ST,1811,NARCOTICS,POSS: CANNABIS 30GMS OR LESS,STREET,true,false,0924,11,18,1171721,1884329,2008,02/28/2018 03:56:25 PM,41.838057207,-87.645370318,"(41.838057207, -87.645370318)"
6602861,HP675151,11/10/2008 01:45:00 AM,007XX W 31ST ST,0810,THEFT,OVER $500,DRUG STORE,false,false,0924,11,06,1171697,1884328,2008,02/28/2018 03:56:25 PM,41.83805499,-87.645458414,"(41.83805499, -87.645458414)"
6578216,HP651193,10/27/2008 06:00:00 PM,007XX W 31ST ST,0860,THEFT,RETAIL THEFT,SMALL RETAIL STORE,false,false,0924,11,06,1171697,1884328,2008,02/28/2018 03:56:25 PM,41.83805499,-87.645458414,"(41.83805499, -87.645458414)"
6472817,HP549758,09/02/2008 07:30:00 PM,007XX W 31ST ST,1811,NARCOTICS,POSS: CANNABIS 30GMS OR LESS,PARKING LOT/GARAGE(NON.RESID.),true,false,0924,11,18,1171692,1884328,2008,02/10/2018 03:50:01 PM,41.8380551,-87.645476761,"(41.8380551, -87.645476761)"
6392330,HP458334,07/17/2008 03:45:00 PM,007XX W 31ST ST,0820,THEFT,$500 AND UNDER,PARKING LOT/GARAGE(NON.RESID.),false,false,0924,11,06,1171697,1884328,2008,02/28/2018 03:56:25 PM,41.83805499,-87.645458414,"(41.83805499, -87.645458414)"
6387427,HP440937,07/08/2008 08:45:18 PM,007XX W 31ST ST,0530,ASSAULT,AGGRAVATED: OTHER DANG WEAPON,STREET,true,false,0924,11,04A,1171712,1884329,2008,02/28/2018 03:56:25 PM,41.838057405,-87.645403343,"(41.838057405, -87.645403343)"
6475038,HP549802,09/02/2008 07:45:00 PM,007XX W 31ST ST,1811,NARCOTICS,POSS: CANNABIS 30GMS OR LESS,STREET,true,false,0923,11,18,1171993,1884335,2008,02/28/2018 03:56:25 PM,41.838067689,-87.644372052,"(41.838067689, -87.644372052)"
6570298,HP642022,10/22/2008 04:00:00 PM,007XX W 31ST ST,0610,BURGLARY,FORCIBLE ENTRY,RESIDENCE,false,false,0923,11,05,1171712,1884329,2008,02/28/2018 03:56:25 PM,41.838057405,-87.645403343,"(41.838057405, -87.645403343)"
6679015,HP753251,12/27/2008 05:15:00 PM,007XX W 31ST ST,0860,THEFT,RETAIL THEFT,DEPARTMENT STORE,true,false,0924,11,06,1171697,1884328,2008,02/28/2018 03:56:25 PM,41.83805499,-87.645458414,"(41.83805499, -87.645458414)"
6698910,HR108481,01/06/2009 12:36:48 PM,007XX W 31ST ST,0460,BATTERY,SIMPLE,DRUG STORE,true,false,0924,11,08B,1171697,1884328,2009,02/28/2018 03:56:25 PM,41.83805499,-87.645458414,"(41.83805499, -87.645458414)"
6637182,HP709201,11/30/2008 07:46:00 AM,007XX W 31ST ST,1130,DECEPTIVE PRACTICE,FRAUD OR CONFIDENCE GAME,DRUG STORE,true,false,0924,11,11,1171697,1884328,2008,02/10/2018 03:50:01 PM,41.83805499,-87.645458414,"(41.83805499, -87.645458414)"
6626163,HP698993,11/24/2008 04:20:00 AM,007XX W 31ST ST,0560,ASSAULT,SIMPLE,DRUG STORE,true,false,0924,11,08A,1171697,1884328,2008,02/10/2018 03:50:01 PM,41.83805499,-87.645458414,"(41.83805499, -87.645458414)"
6704444,HR116239,01/11/2009 11:02:00 AM,007XX W 31ST ST,0860,THEFT,RETAIL THEFT,DRUG STORE,false,false,0924,11,06,1171697,1884328,2009,02/28/2018 03:56:25 PM,41.83805499,-87.645458414,"(41.83805499, -87.645458414)"
6720386,HR135649,01/23/2009 06:45:00 AM,007XX W 31ST ST,0810,THEFT,OVER $500,PARKING LOT/GARAGE(NON.RESID.),false,false,0924,11,06,1171922,1884333,2009,02/04/2016 06:33:39 AM,41.838063763,-87.644632641,"(41.838063763, -87.644632641)"
6747215,HR164281,02/10/2009 09:36:20 PM,007XX W 31ST ST,0860,THEFT,RETAIL THEFT,SMALL RETAIL STORE,false,false,0924,11,06,1171697,1884328,2009,02/04/2016 06:33:39 AM,41.83805499,-87.645458414,"(41.83805499, -87.645458414)"
6689411,HR104533,01/03/2009 08:12:13 PM,007XX W 31ST ST,2091,NARCOTICS,FORFEIT PROPERTY,STREET,false,false,0924,11,26,,,2009,08/17/2015 03:03:40 PM,,,
6741021,HR156527,02/06/2009 04:30:00 AM,007XX W 31ST ST,0890,THEFT,FROM BUILDING,RESTAURANT,false,false,0923,11,06,1172053,1884337,2009,02/28/2018 03:56:25 PM,41.838071856,-87.644151826,"(41.838071856, -87.644151826)"
6808149,HR218405,03/13/2009 12:00:00 PM,007XX W 31ST ST,0890,THEFT,FROM BUILDING,RESTAURANT,false,false,0924,11,06,1171678,1884328,2009,02/28/2018 03:56:25 PM,41.838055408,-87.645528134,"(41.838055408, -87.645528134)"
6748076,HR164927,06/27/2008 09:00:00 AM,007XX W 31ST ST,1150,DECEPTIVE PRACTICE,CREDIT CARD FRAUD,OTHER,false,false,0923,11,11,1171993,1884335,2008,02/28/2018 03:56:25 PM,41.838067689,-87.644372052,"(41.838067689, -87.644372052)"
6760381,HR177538,02/19/2009 05:20:00 AM,007XX W 31ST ST,0560,ASSAULT,SIMPLE,STREET,false,false,0924,11,08A,1172053,1884337,2009,02/28/2018 03:56:25 PM,41.838071856,-87.644151826,"(41.838071856, -87.644151826)"
6708541,HR122951,01/15/2009 06:40:00 PM,007XX W 31ST ST,0860,THEFT,RETAIL THEFT,DRUG STORE,true,false,0924,11,06,1171697,1884328,2009,02/28/2018 03:56:25 PM,41.83805499,-87.645458414,"(41.83805499, -87.645458414)"
6796767,HR208880,03/10/2009 09:15:00 PM,007XX W 31ST ST,0860,THEFT,RETAIL THEFT,DRUG STORE,true,false,0924,11,06,1171697,1884328,2009,02/28/2018 03:56:25 PM,41.83805499,-87.645458414,"(41.83805499, -87.645458414)"
6745293,HR156953,02/06/2009 02:48:07 PM,007XX W 31ST ST,1330,CRIMINAL TRESPASS,TO LAND,DRUG STORE,true,false,0924,11,26,1171697,1884328,2009,02/28/2018 03:56:25 PM,41.83805499,-87.645458414,"(41.83805499, -87.645458414)"
6709817,HR123681,01/16/2009 09:16:13 AM,007XX W 31ST ST,0560,ASSAULT,SIMPLE,DRUG STORE,false,false,0924,11,08A,1171697,1884328,2009,02/28/2018 03:56:25 PM,41.83805499,-87.645458414,"(41.83805499, -87.645458414)"
6656680,HP729191,12/11/2008 09:32:26 PM,007XX W 31ST ST,1330,CRIMINAL TRESPASS,TO LAND,DRUG STORE,true,false,0924,11,26,1171697,1884328,2008,02/28/2018 03:56:25 PM,41.83805499,-87.645458414,"(41.83805499, -87.645458414)"
6826280,HR233901,03/25/2009 03:11:00 AM,007XX W 31ST ST,0312,ROBBERY,ARMED:KNIFE/CUTTING INSTRUMENT,DRUG STORE,true,true,0924,11,03,1171697,1884328,2009,02/04/2016 06:33:39 AM,41.83805499,-87.645458414,"(41.83805499, -87.645458414)"
6738894,HR153964,02/04/2009 06:20:00 PM,007XX W 31ST ST,0860,THEFT,RETAIL THEFT,DRUG STORE,true,false,0924,11,06,1171697,1884328,2009,02/28/2018 03:56:25 PM,41.83805499,-87.645458414,"(41.83805499, -87.645458414)"
6641410,HP713654,12/02/2008 09:30:00 PM,007XX W 31ST ST,1330,CRIMINAL TRESPASS,TO LAND,DRUG STORE,true,false,0924,11,26,1171697,1884328,2008,02/10/2018 03:50:01 PM,41.83805499,-87.645458414,"(41.83805499, -87.645458414)"
6716574,HR132212,01/21/2009 04:30:00 PM,007XX W 31ST ST,1330,CRIMINAL TRESPASS,TO LAND,SMALL RETAIL STORE,false,false,0924,11,26,1171678,1884328,2009,02/28/2018 03:56:25 PM,41.838055408,-87.645528134,"(41.838055408, -87.645528134)"
6889801,HR295528,04/30/2009 12:50:00 PM,007XX W 31ST ST,1330,CRIMINAL TRESPASS,TO LAND,DRUG STORE,true,false,0924,11,26,1171697,1884328,2009,02/28/2018 03:56:25 PM,41.83805499,-87.645458414,"(41.83805499, -87.645458414)"
6954311,HR359181,06/05/2009 11:35:00 AM,007XX W 31ST ST,0820,THEFT,$500 AND UNDER,PARKING LOT/GARAGE(NON.RESID.),false,false,0924,11,06,1171687,1884328,2009,02/10/2018 03:50:01 PM,41.83805521,-87.645495109,"(41.83805521, -87.645495109)"
7005377,HR412618,07/05/2009 04:30:00 PM,007XX W 31ST ST,2024,NARCOTICS,POSS: HEROIN(WHITE),DRUG STORE,true,false,0924,11,18,1171697,1884328,2009,02/28/2018 03:56:25 PM,41.83805499,-87.645458414,"(41.83805499, -87.645458414)"
6957298,HR362864,06/07/2009 04:02:00 PM,007XX W 31ST ST,0460,BATTERY,SIMPLE,DRUG STORE,true,false,0924,11,08B,1171697,1884328,2009,02/28/2018 03:56:25 PM,41.83805499,-87.645458414,"(41.83805499, -87.645458414)"
7051523,HR457396,07/30/2009 08:10:00 PM,007XX W 31ST ST,0860,THEFT,RETAIL THEFT,DRUG STORE,true,false,0924,11,06,1171697,1884328,2009,02/28/2018 03:56:25 PM,41.83805499,-87.645458414,"(41.83805499, -87.645458414)"
6856883,HR263377,04/11/2009 06:22:00 PM,007XX W 31ST ST,1210,DECEPTIVE PRACTICE,THEFT OF LABOR/SERVICES,RESTAURANT,false,false,0923,11,11,1172053,1884337,2009,02/28/2018 03:56:25 PM,41.838071856,-87.644151826,"(41.838071856, -87.644151826)"
6879770,HR284754,04/24/2009 10:16:00 AM,007XX W 31ST ST,2820,OTHER OFFENSE,TELEPHONE THREAT,COMMERCIAL / BUSINESS OFFICE,false,false,0923,11,26,1171970,1884335,2009,02/04/2016 06:33:39 AM,41.838068195,-87.644456449,"(41.838068195, -87.644456449)"
6873248,HR279376,04/21/2009 11:30:00 AM,007XX W 31ST ST,0460,BATTERY,SIMPLE,DRUG STORE,false,false,0924,11,08B,1171697,1884328,2009,02/28/2018 03:56:25 PM,41.83805499,-87.645458414,"(41.83805499, -87.645458414)"
6988615,HR392794,06/24/2009 03:20:00 PM,007XX W 31ST ST,0860,THEFT,RETAIL THEFT,DRUG STORE,false,false,0924,11,06,1171697,1884328,2009,02/28/2018 03:56:25 PM,41.83805499,-87.645458414,"(41.83805499, -87.645458414)"
6935597,HR332962,05/19/2009 09:15:00 PM,007XX W 31ST ST,2820,OTHER OFFENSE,TELEPHONE THREAT,APARTMENT,false,true,0924,11,26,1172053,1884337,2009,02/28/2018 03:56:25 PM,41.838071856,-87.644151826,"(41.838071856, -87.644151826)"
7119154,HR528427,09/09/2009 08:25:00 PM,007XX W 31ST ST,0460,BATTERY,SIMPLE,PARKING LOT/GARAGE(NON.RESID.),true,false,0924,11,08B,1171697,1884328,2009,02/28/2018 03:56:25 PM,41.83805499,-87.645458414,"(41.83805499, -87.645458414)"
7123738,HR531337,09/11/2009 01:55:00 PM,007XX W 31ST ST,0860,THEFT,RETAIL THEFT,DRUG STORE,true,false,0924,11,06,1171697,1884328,2009,02/28/2018 03:56:25 PM,41.83805499,-87.645458414,"(41.83805499, -87.645458414)"
7162848,HR572745,10/05/2009 05:30:00 PM,007XX W 31ST ST,0560,ASSAULT,SIMPLE,PARKING LOT/GARAGE(NON.RESID.),false,false,0923,11,08A,1171697,1884328,2009,02/28/2018 03:56:25 PM,41.83805499,-87.645458414,"(41.83805499, -87.645458414)"
7090906,HR500065,08/24/2009 12:10:00 AM,007XX W 31ST ST,0860,THEFT,RETAIL THEFT,DRUG STORE,true,false,0924,11,06,1171697,1884328,2009,02/10/2018 03:50:01 PM,41.83805499,-87.645458414,"(41.83805499, -87.645458414)"
7143612,HR552966,09/23/2009 09:25:00 PM,007XX W 31ST ST,1330,CRIMINAL TRESPASS,TO LAND,SMALL RETAIL STORE,true,false,0924,11,26,1171697,1884328,2009,02/10/2018 03:50:01 PM,41.83805499,-87.645458414,"(41.83805499, -87.645458414)"
7110272,HR518688,09/03/2009 09:30:00 PM,007XX W 31ST ST,0560,ASSAULT,SIMPLE,SMALL RETAIL STORE,false,false,0924,11,08A,1171697,1884328,2009,02/28/2018 03:56:25 PM,41.83805499,-87.645458414,"(41.83805499, -87.645458414)"
7136757,HR544544,09/18/2009 11:05:00 PM,007XX W 31ST ST,0860,THEFT,RETAIL THEFT,SMALL RETAIL STORE,false,false,0924,11,06,1171697,1884328,2009,02/28/2018 03:56:25 PM,41.83805499,-87.645458414,"(41.83805499, -87.645458414)"
7101234,HR510144,08/29/2009 07:10:00 PM,007XX W 31ST ST,1811,NARCOTICS,POSS: CANNABIS 30GMS OR LESS,SIDEWALK,true,false,0924,11,18,1171993,1884335,2009,02/28/2018 03:56:25 PM,41.838067689,-87.644372052,"(41.838067689, -87.644372052)"
7199352,HR612636,10/18/2009 12:00:00 AM,007XX W 31ST ST,0820,THEFT,$500 AND UNDER,STREET,false,false,0923,11,06,1171673,1884328,2009,02/28/2018 03:56:25 PM,41.838055518,-87.645546481,"(41.838055518, -87.645546481)"
7084858,HR493194,08/19/2009 09:15:00 PM,007XX W 31ST ST,1330,CRIMINAL TRESPASS,TO LAND,DRUG STORE,true,false,0924,11,26,1171697,1884328,2009,02/28/2018 03:56:25 PM,41.83805499,-87.645458414,"(41.83805499, -87.645458414)"
7190641,HR602254,10/22/2009 03:42:00 PM,007XX W 31ST ST,4650,OTHER OFFENSE,SEX OFFENDER: FAIL TO REGISTER,ALLEY,true,false,0923,11,26,1171653,1884327,2009,02/10/2018 03:50:01 PM,41.838053213,-87.645619899,"(41.838053213, -87.645619899)"
7082885,HR491372,07/16/2009 03:00:00 PM,007XX W 31ST ST,0917,MOTOR VEHICLE THEFT,"CYCLE, SCOOTER, BIKE W-VIN",STREET,false,false,0924,11,07,1172053,1884337,2009,02/28/2018 03:56:25 PM,41.838071856,-87.644151826,"(41.838071856, -87.644151826)"
7141464,HR550994,09/22/2009 07:56:00 PM,007XX W 31ST ST,1811,NARCOTICS,POSS: CANNABIS 30GMS OR LESS,STREET,true,false,0924,11,18,1171697,1884328,2009,02/04/2016 06:33:39 AM,41.83805499,-87.645458414,"(41.83805499, -87.645458414)"
7180767,HR591218,10/16/2009 02:45:00 PM,007XX W 31ST ST,0520,ASSAULT,AGGRAVATED:KNIFE/CUTTING INSTR,DRUG STORE,false,false,0924,11,04A,1171697,1884328,2009,02/28/2018 03:56:25 PM,41.83805499,-87.645458414,"(41.83805499, -87.645458414)"
7138732,HR547069,09/20/2009 01:40:00 PM,007XX W 31ST ST,0860,THEFT,RETAIL THEFT,DRUG STORE,true,false,0924,11,06,1171697,1884328,2009,02/04/2016 06:33:39 AM,41.83805499,-87.645458414,"(41.83805499, -87.645458414)"
7172301,HR582879,10/11/2009 06:30:00 PM,007XX W 31ST ST,1330,CRIMINAL TRESPASS,TO LAND,PARKING LOT/GARAGE(NON.RESID.),true,false,0924,11,26,1171697,1884328,2009,02/28/2018 03:56:25 PM,41.83805499,-87.645458414,"(41.83805499, -87.645458414)"
7234306,HR649021,11/18/2009 11:30:00 AM,007XX W 31ST ST,2024,NARCOTICS,POSS: HEROIN(WHITE),STREET,true,false,0924,11,18,1171716,1884329,2009,02/28/2018 03:56:25 PM,41.838057317,-87.645388665,"(41.838057317, -87.645388665)"
7227048,HR642042,11/13/2008 10:22:00 PM,007XX W 31ST ST,0860,THEFT,RETAIL THEFT,DRUG STORE,true,false,0924,11,06,,,2008,08/17/2015 03:03:40 PM,,,
7100352,HR508891,08/29/2009 12:01:00 AM,007XX W 31ST ST,0860,THEFT,RETAIL THEFT,CONVENIENCE STORE,false,false,0924,11,06,,,2009,08/17/2015 03:03:40 PM,,,
7114203,HR523240,09/06/2009 07:15:00 PM,007XX W 31ST ST,1811,NARCOTICS,POSS: CANNABIS 30GMS OR LESS,STREET,true,false,0923,11,18,1172053,1884337,2009,02/28/2018 03:56:25 PM,41.838071856,-87.644151826,"(41.838071856, -87.644151826)"
7216501,HR632080,11/08/2009 12:27:00 AM,007XX W 31ST ST,2022,NARCOTICS,POSS: COCAINE,PARKING LOT/GARAGE(NON.RESID.),true,false,0924,11,18,1171697,1884328,2009,02/28/2018 03:56:25 PM,41.83805499,-87.645458414,"(41.83805499, -87.645458414)"
7194274,HR606943,10/25/2009 09:35:00 AM,007XX W 31ST ST,1330,CRIMINAL TRESPASS,TO LAND,PARKING LOT/GARAGE(NON.RESID.),true,false,0924,11,26,1171697,1884328,2009,02/28/2018 03:56:25 PM,41.83805499,-87.645458414,"(41.83805499, -87.645458414)"
7203483,HR617080,10/30/2009 05:20:00 PM,007XX W 31ST ST,0860,THEFT,RETAIL THEFT,GROCERY FOOD STORE,true,false,0924,11,06,1171697,1884328,2009,02/10/2018 03:50:01 PM,41.83805499,-87.645458414,"(41.83805499, -87.645458414)"
7167746,HR577294,10/08/2009 11:30:00 AM,007XX W 31ST ST,1330,CRIMINAL TRESPASS,TO LAND,SMALL RETAIL STORE,true,false,0924,11,26,1171697,1884328,2009,02/10/2018 03:50:01 PM,41.83805499,-87.645458414,"(41.83805499, -87.645458414)"
7238745,HR653268,11/20/2009 08:25:00 PM,007XX W 31ST ST,0820,THEFT,$500 AND UNDER,STREET,false,false,0924,11,06,1171697,1884328,2009,02/28/2018 03:56:25 PM,41.83805499,-87.645458414,"(41.83805499, -87.645458414)"
7274007,HR689146,12/14/2009 02:45:00 PM,007XX W 31ST ST,0560,ASSAULT,SIMPLE,SIDEWALK,false,true,0924,11,08A,1171697,1884328,2009,02/28/2018 03:56:25 PM,41.83805499,-87.645458414,"(41.83805499, -87.645458414)"
7463676,HS266150,04/19/2010 09:35:00 PM,007XX W 31ST ST,2028,NARCOTICS,POSS: SYNTHETIC DRUGS,STREET,true,false,0924,11,18,1171697,1884328,2010,02/10/2018 03:50:01 PM,41.83805499,-87.645458414,"(41.83805499, -87.645458414)"
7383996,HS185946,03/01/2010 09:30:00 AM,007XX W 31ST ST,1330,CRIMINAL TRESPASS,TO LAND,GROCERY FOOD STORE,true,false,0924,11,26,1171663,1884327,2010,02/10/2018 03:50:01 PM,41.838052993,-87.645583205,"(41.838052993, -87.645583205)"
7362725,HS165128,02/14/2010 04:20:00 PM,007XX W 31ST ST,3730,INTERFERENCE WITH PUBLIC OFFICER,OBSTRUCTING JUSTICE,STREET,true,false,0924,11,24,1171673,1884328,2010,02/10/2018 03:50:01 PM,41.838055518,-87.645546481,"(41.838055518, -87.645546481)"
7279075,HR694327,12/17/2009 07:15:00 PM,007XX W 31ST ST,1330,CRIMINAL TRESPASS,TO LAND,GROCERY FOOD STORE,true,false,0924,11,26,1171697,1884328,2009,02/28/2018 03:56:25 PM,41.83805499,-87.645458414,"(41.83805499, -87.645458414)"
7307263,HS111138,01/08/2010 04:40:00 PM,007XX W 31ST ST,0860,THEFT,RETAIL THEFT,DRUG STORE,true,false,0924,11,06,1171697,1884328,2010,02/10/2018 03:50:01 PM,41.83805499,-87.645458414,"(41.83805499, -87.645458414)"
7368894,HS171418,02/19/2010 02:05:00 AM,007XX W 31ST ST,0470,PUBLIC PEACE VIOLATION,RECKLESS CONDUCT,RESTAURANT,true,false,0924,11,24,1171668,1884327,2010,02/10/2018 03:50:01 PM,41.838052883,-87.645564858,"(41.838052883, -87.645564858)"
7306050,HS110004,01/07/2010 09:35:00 PM,007XX W 31ST ST,0554,ASSAULT,AGG PO HANDS NO/MIN INJURY,RESTAURANT,true,false,0924,11,08A,1172053,1884337,2010,02/10/2018 03:50:01 PM,41.838071856,-87.644151826,"(41.838071856, -87.644151826)"
7348364,HS150062,02/03/2010 07:35:00 PM,007XX W 31ST ST,1811,NARCOTICS,POSS: CANNABIS 30GMS OR LESS,STREET,true,false,0924,11,18,1171687,1884328,2010,02/10/2018 03:50:01 PM,41.83805521,-87.645495109,"(41.83805521, -87.645495109)"
7267590,HR681692,12/09/2009 04:45:00 PM,007XX W 31ST ST,0860,THEFT,RETAIL THEFT,DRUG STORE,true,false,0924,11,06,1171697,1884328,2009,02/28/2018 03:56:25 PM,41.83805499,-87.645458414,"(41.83805499, -87.645458414)"
7404320,HS206785,03/14/2010 01:40:00 AM,007XX W 31ST ST,1310,CRIMINAL DAMAGE,TO PROPERTY,OTHER,true,false,0924,11,14,1171678,1884328,2010,02/10/2018 03:50:01 PM,41.838055408,-87.645528134,"(41.838055408, -87.645528134)"
7402563,HS172186,02/19/2010 02:46:00 PM,007XX W 31ST ST,2210,LIQUOR LAW VIOLATION,SELL/GIVE/DEL LIQUOR TO MINOR,DRUG STORE,true,false,0924,11,22,1171697,1884328,2010,02/10/2018 03:50:01 PM,41.83805499,-87.645458414,"(41.83805499, -87.645458414)"
7378171,HS180060,02/25/2010 02:00:00 AM,007XX W 31ST ST,0860,THEFT,RETAIL THEFT,CONVENIENCE STORE,false,false,0924,11,06,1171697,1884328,2010,02/10/2018 03:50:01 PM,41.83805499,-87.645458414,"(41.83805499, -87.645458414)"
7470225,HS270209,04/22/2010 12:45:00 PM,007XX W 31ST ST,0860,THEFT,RETAIL THEFT,DRUG STORE,false,false,0924,11,06,1171697,1884328,2010,02/10/2018 03:50:01 PM,41.83805499,-87.645458414,"(41.83805499, -87.645458414)"
7301640,HS105457,01/05/2010 04:10:00 AM,007XX W 31ST ST,1811,NARCOTICS,POSS: CANNABIS 30GMS OR LESS,RESTAURANT,true,false,0924,11,18,1171668,1884327,2010,02/10/2018 03:50:01 PM,41.838052883,-87.645564858,"(41.838052883, -87.645564858)"
7455072,HS254832,04/13/2010 03:50:00 AM,007XX W 31ST ST,0810,THEFT,OVER $500,PARKING LOT/GARAGE(NON.RESID.),false,false,0924,11,06,1171697,1884328,2010,02/10/2018 03:50:01 PM,41.83805499,-87.645458414,"(41.83805499, -87.645458414)"
7390225,HS192307,03/05/2010 12:00:00 AM,007XX W 31ST ST,0810,THEFT,OVER $500,STREET,false,false,0924,11,06,1171993,1884335,2010,02/10/2018 03:50:01 PM,41.838067689,-87.644372052,"(41.838067689, -87.644372052)"
7406972,HS208893,03/15/2010 02:35:00 AM,007XX W 31ST ST,0810,THEFT,OVER $500,PARKING LOT/GARAGE(NON.RESID.),false,false,0924,11,06,1171922,1884333,2010,02/10/2018 03:50:01 PM,41.838063763,-87.644632641,"(41.838063763, -87.644632641)"
7274100,HR689284,12/14/2009 03:35:00 PM,007XX W 31ST ST,0560,ASSAULT,SIMPLE,OTHER,false,false,0924,11,08A,1171697,1884328,2009,02/28/2018 03:56:25 PM,41.83805499,-87.645458414,"(41.83805499, -87.645458414)"
7347223,HS149041,02/03/2010 08:30:00 AM,007XX W 31ST ST,1330,CRIMINAL TRESPASS,TO LAND,GROCERY FOOD STORE,true,false,0924,11,26,1171658,1884327,2010,02/10/2018 03:50:01 PM,41.838053103,-87.645601552,"(41.838053103, -87.645601552)"
7363533,HS166179,02/15/2010 02:55:00 PM,007XX W 31ST ST,0860,THEFT,RETAIL THEFT,DRUG STORE,true,false,0924,11,06,1171697,1884328,2010,02/10/2018 03:50:01 PM,41.83805499,-87.645458414,"(41.83805499, -87.645458414)"
7352114,HS153585,02/06/2010 07:00:00 AM,007XX W 31ST ST,1330,CRIMINAL TRESPASS,TO LAND,GROCERY FOOD STORE,true,false,0924,11,26,1171658,1884327,2010,02/10/2018 03:50:01 PM,41.838053103,-87.645601552,"(41.838053103, -87.645601552)"
7407550,HS209572,03/15/2010 10:30:00 PM,007XX W 31ST ST,0560,ASSAULT,SIMPLE,DRUG STORE,false,false,0924,11,08A,1171697,1884328,2010,02/10/2018 03:50:01 PM,41.83805499,-87.645458414,"(41.83805499, -87.645458414)"
7545930,HS349633,06/08/2010 06:45:00 PM,007XX W 31ST ST,1310,CRIMINAL DAMAGE,TO PROPERTY,RESTAURANT,false,false,0924,11,14,1172053,1884337,2010,02/10/2018 03:50:01 PM,41.838071856,-87.644151826,"(41.838071856, -87.644151826)"
7643649,HS447970,08/05/2010 09:50:00 PM,007XX W 31ST ST,0860,THEFT,RETAIL THEFT,DRUG STORE,true,false,0924,11,06,1171697,1884328,2010,02/10/2018 03:50:01 PM,41.83805499,-87.645458414,"(41.83805499, -87.645458414)"
7616579,HS420686,07/20/2010 04:00:00 PM,007XX W 31ST ST,0810,THEFT,OVER $500,PARKING LOT/GARAGE(NON.RESID.),false,false,0923,11,06,1171716,1884329,2010,02/10/2018 03:50:01 PM,41.838057317,-87.645388665,"(41.838057317, -87.645388665)"
7666223,HS470389,08/18/2010 06:30:00 PM,007XX W 31ST ST,1320,CRIMINAL DAMAGE,TO VEHICLE,PARKING LOT/GARAGE(NON.RESID.),false,false,0924,11,14,1172053,1884337,2010,02/10/2018 03:50:01 PM,41.838071856,-87.644151826,"(41.838071856, -87.644151826)"
7518997,HS322438,05/22/2010 10:30:00 PM,007XX W 31ST ST,0460,BATTERY,SIMPLE,STREET,false,false,0924,11,08B,1171678,1884328,2010,02/10/2018 03:50:01 PM,41.838055408,-87.645528134,"(41.838055408, -87.645528134)"
7528808,HS331548,05/28/2010 08:30:00 AM,007XX W 31ST ST,0560,ASSAULT,SIMPLE,DEPARTMENT STORE,false,false,0924,11,08A,1171697,1884328,2010,02/10/2018 03:50:01 PM,41.83805499,-87.645458414,"(41.83805499, -87.645458414)"
7639113,HS443293,08/01/2010 11:30:00 PM,007XX W 31ST ST,1320,CRIMINAL DAMAGE,TO VEHICLE,PARKING LOT/GARAGE(NON.RESID.),false,false,0924,11,14,1171668,1884327,2010,02/10/2018 03:50:01 PM,41.838052883,-87.645564858,"(41.838052883, -87.645564858)"
7686724,HS492920,09/01/2010 02:30:00 AM,007XX W 31ST ST,0460,BATTERY,SIMPLE,DRUG STORE,false,false,0924,11,08B,1171663,1884327,2010,02/10/2018 03:50:01 PM,41.838052993,-87.645583205,"(41.838052993, -87.645583205)"
7666478,HS471073,08/19/2010 06:15:00 PM,007XX W 31ST ST,0820,THEFT,$500 AND UNDER,PARKING LOT/GARAGE(NON.RESID.),false,false,0924,11,06,1171697,1884328,2010,02/10/2018 03:50:01 PM,41.83805499,-87.645458414,"(41.83805499, -87.645458414)"
7662195,HS467078,08/16/2010 06:00:00 AM,007XX W 31ST ST,1320,CRIMINAL DAMAGE,TO VEHICLE,PARKING LOT/GARAGE(NON.RESID.),false,false,0924,11,14,1171697,1884328,2010,02/10/2018 03:50:01 PM,41.83805499,-87.645458414,"(41.83805499, -87.645458414)"
7644740,HS448978,08/06/2010 02:20:00 PM,007XX W 31ST ST,0860,THEFT,RETAIL THEFT,DRUG STORE,true,false,0924,11,06,1171697,1884328,2010,02/10/2018 03:50:01 PM,41.83805499,-87.645458414,"(41.83805499, -87.645458414)"
7497843,HS299840,05/10/2010 04:45:00 AM,007XX W 31ST ST,0486,BATTERY,DOMESTIC BATTERY SIMPLE,RESIDENCE,false,true,0924,11,08B,1171922,1884333,2010,02/10/2018 03:50:01 PM,41.838063763,-87.644632641,"(41.838063763, -87.644632641)"
7600013,HS404876,07/11/2010 05:00:00 AM,007XX W 31ST ST,0560,ASSAULT,SIMPLE,DRUG STORE,false,false,0924,11,08A,1171697,1884328,2010,02/10/2018 03:50:01 PM,41.83805499,-87.645458414,"(41.83805499, -87.645458414)"
7679690,HS483451,08/26/2010 08:00:00 AM,007XX W 31ST ST,0820,THEFT,$500 AND UNDER,STREET,false,false,0924,11,06,1171993,1884335,2010,02/10/2018 03:50:01 PM,41.838067689,-87.644372052,"(41.838067689, -87.644372052)"
7576555,HS380054,06/26/2010 12:30:00 PM,007XX W 31ST ST,2825,OTHER OFFENSE,HARASSMENT BY TELEPHONE,DRUG STORE,false,true,0924,11,26,1171697,1884328,2010,09/07/2021 03:41:02 PM,41.83805499,-87.645458414,"(41.83805499, -87.645458414)"
7576954,HS379166,06/25/2010 11:30:00 PM,007XX W 31ST ST,1310,CRIMINAL DAMAGE,TO PROPERTY,DRUG STORE,false,false,0924,11,14,1171697,1884328,2010,02/10/2018 03:50:01 PM,41.83805499,-87.645458414,"(41.83805499, -87.645458414)"
7618954,HS422753,07/21/2010 07:50:00 PM,007XX W 31ST ST,0460,BATTERY,SIMPLE,SIDEWALK,true,false,0924,11,08B,1171970,1884335,2010,02/10/2018 03:50:01 PM,41.838068195,-87.644456449,"(41.838068195, -87.644456449)"
7518894,HS322369,05/23/2010 03:30:00 PM,007XX W 31ST ST,1320,CRIMINAL DAMAGE,TO VEHICLE,PARKING LOT/GARAGE(NON.RESID.),false,false,0924,11,14,1171697,1884328,2010,02/10/2018 03:50:01 PM,41.83805499,-87.645458414,"(41.83805499, -87.645458414)"
7676415,HS481519,08/25/2010 05:30:00 PM,007XX W 31ST ST,0890,THEFT,FROM BUILDING,CONVENIENCE STORE,false,false,0923,11,06,1171663,1884327,2010,02/10/2018 03:50:01 PM,41.838052993,-87.645583205,"(41.838052993, -87.645583205)"
7678986,HS482181,08/26/2010 08:20:00 AM,007XX W 31ST ST,0460,BATTERY,SIMPLE,SIDEWALK,false,false,0924,11,08B,1171658,1884327,2010,02/10/2018 03:50:01 PM,41.838053103,-87.645601552,"(41.838053103, -87.645601552)"
7495691,HS299512,05/09/2010 09:00:00 PM,007XX W 31ST ST,0850,THEFT,ATTEMPT THEFT,DRUG STORE,false,false,0924,11,06,1171697,1884328,2010,02/10/2018 03:50:01 PM,41.83805499,-87.645458414,"(41.83805499, -87.645458414)"
7643177,HS447313,08/05/2010 04:25:00 PM,007XX W 31ST ST,0810,THEFT,OVER $500,SIDEWALK,false,false,0924,11,06,1171653,1884327,2010,02/10/2018 03:50:01 PM,41.838053213,-87.645619899,"(41.838053213, -87.645619899)"
7835105,HS646622,12/05/2010 03:20:00 AM,007XX W 31ST ST,1330,CRIMINAL TRESPASS,TO LAND,DRUG STORE,true,false,0924,11,26,1171697,1884328,2010,02/04/2016 06:33:39 AM,41.83805499,-87.645458414,"(41.83805499, -87.645458414)"
7782949,HS591621,10/31/2010 07:25:00 AM,007XX W 31ST ST,0470,PUBLIC PEACE VIOLATION,RECKLESS CONDUCT,PARKING LOT/GARAGE(NON.RESID.),true,false,0924,11,24,1171668,1884327,2010,02/10/2018 03:50:01 PM,41.838052883,-87.645564858,"(41.838052883, -87.645564858)"
7742047,HS549877,10/01/2010 09:30:00 AM,007XX W 31ST ST,0486,BATTERY,DOMESTIC BATTERY SIMPLE,RESTAURANT,false,true,0924,11,08B,1171687,1884328,2010,09/07/2021 03:41:02 PM,41.83805521,-87.645495109,"(41.83805521, -87.645495109)"
7849168,HS662121,12/10/2010 11:00:00 AM,007XX W 31ST ST,0890,THEFT,FROM BUILDING,RESTAURANT,false,false,0924,11,06,1171678,1884328,2010,02/04/2016 06:33:39 AM,41.838055408,-87.645528134,"(41.838055408, -87.645528134)"
7772226,HS580714,10/24/2010 07:11:00 PM,007XX W 31ST ST,0460,BATTERY,SIMPLE,PARKING LOT/GARAGE(NON.RESID.),true,false,0924,11,08B,1171697,1884328,2010,02/10/2018 03:50:01 PM,41.83805499,-87.645458414,"(41.83805499, -87.645458414)"
7732636,HS538339,07/01/2008 12:01:00 AM,007XX W 31ST ST,0840,THEFT,FINANCIAL ID THEFT: OVER $300,RESIDENCE,false,false,0924,11,06,,,2008,08/17/2015 03:03:40 PM,,,
7753649,HS556925,10/10/2010 01:53:00 AM,007XX W 31ST ST,1310,CRIMINAL DAMAGE,TO PROPERTY,DRUG STORE,false,false,0924,11,14,1171697,1884328,2010,02/10/2018 03:50:01 PM,41.83805499,-87.645458414,"(41.83805499, -87.645458414)"
7881562,HT112615,01/09/2011 08:40:00 PM,007XX W 31ST ST,0430,BATTERY,AGGRAVATED: OTHER DANG WEAPON,PARKING LOT/GARAGE(NON.RESID.),false,false,0924,11,04B,1171697,1884328,2011,02/04/2016 06:33:39 AM,41.83805499,-87.645458414,"(41.83805499, -87.645458414)"
7903461,HT133591,01/08/2011 11:00:00 AM,007XX W 31ST ST,1310,CRIMINAL DAMAGE,TO PROPERTY,RESIDENCE,false,false,0923,11,14,1172029,1884336,2011,02/04/2016 06:33:39 AM,41.83806964,-87.644239922,"(41.83806964, -87.644239922)"
7711641,HS518685,09/16/2010 12:00:00 AM,007XX W 31ST ST,0810,THEFT,OVER $500,APARTMENT,false,false,0923,11,06,1171697,1884328,2010,02/10/2018 03:50:01 PM,41.83805499,-87.645458414,"(41.83805499, -87.645458414)"
7866887,HS680212,12/28/2010 08:00:00 PM,007XX W 31ST ST,0820,THEFT,$500 AND UNDER,PARKING LOT/GARAGE(NON.RESID.),false,false,0924,11,06,1171678,1884328,2010,02/10/2018 03:50:01 PM,41.838055408,-87.645528134,"(41.838055408, -87.645528134)"
7715895,HS523902,09/20/2010 03:05:00 AM,007XX W 31ST ST,0820,THEFT,$500 AND UNDER,PARKING LOT/GARAGE(NON.RESID.),false,false,0924,11,06,1171653,1884327,2010,02/10/2018 03:50:01 PM,41.838053213,-87.645619899,"(41.838053213, -87.645619899)"
7871723,HT101448,01/01/2011 01:51:00 AM,007XX W 31ST ST,0460,BATTERY,SIMPLE,OTHER,false,false,0923,11,08B,1171993,1884335,2011,02/04/2016 06:33:39 AM,41.838067689,-87.644372052,"(41.838067689, -87.644372052)"
7725894,HS533624,09/25/2010 04:25:00 PM,007XX W 31ST ST,1330,CRIMINAL TRESPASS,TO LAND,DRUG STORE,false,false,0924,11,26,1171697,1884328,2010,02/10/2018 03:50:01 PM,41.83805499,-87.645458414,"(41.83805499, -87.645458414)"
7764687,HS572792,10/10/2010 01:10:00 AM,007XX W 31ST ST,0420,BATTERY,AGGRAVATED:KNIFE/CUTTING INSTR,CONVENIENCE STORE,false,false,0924,11,04B,1171697,1884328,2010,02/04/2016 06:33:39 AM,41.83805499,-87.645458414,"(41.83805499, -87.645458414)"
7880453,HT111402,01/08/2011 09:28:00 PM,007XX W 31ST ST,0430,BATTERY,AGGRAVATED: OTHER DANG WEAPON,PARKING LOT/GARAGE(NON.RESID.),true,false,0924,11,04B,1171716,1884329,2011,02/04/2016 06:33:39 AM,41.838057317,-87.645388665,"(41.838057317, -87.645388665)"
8031386,HT263012,04/22/2011 08:00:00 PM,007XX W 31ST ST,1540,OBSCENITY,OBSCENE MATTER,DRUG STORE,true,false,0924,11,17,1171697,1884328,2011,02/10/2018 03:50:01 PM,41.83805499,-87.645458414,"(41.83805499, -87.645458414)"
8000789,HT232711,04/03/2011 06:30:00 PM,007XX W 31ST ST,0320,ROBBERY,STRONGARM - NO WEAPON,SIDEWALK,false,false,0923,11,03,1171922,1884333,2011,02/10/2018 03:50:01 PM,41.838063763,-87.644632641,"(41.838063763, -87.644632641)"
8102536,HT336955,06/08/2011 12:28:00 PM,007XX W 31ST ST,0860,THEFT,RETAIL THEFT,SMALL RETAIL STORE,false,false,0924,11,06,1171697,1884328,2011,02/10/2018 03:50:01 PM,41.83805499,-87.645458414,"(41.83805499, -87.645458414)"
8089301,HT322941,05/31/2011 10:21:00 AM,007XX W 31ST ST,1330,CRIMINAL TRESPASS,TO LAND,GROCERY FOOD STORE,true,false,0924,11,26,1171697,1884328,2011,02/10/2018 03:50:01 PM,41.83805499,-87.645458414,"(41.83805499, -87.645458414)"
8011524,HT243480,02/01/2011 08:00:00 AM,007XX W 31ST ST,0810,THEFT,OVER $500,RESIDENTIAL YARD (FRONT/BACK),false,false,0924,11,06,1172029,1884336,2011,02/10/2018 03:50:01 PM,41.83806964,-87.644239922,"(41.83806964, -87.644239922)"
8007173,HT238347,04/07/2011 10:40:00 AM,007XX W 31ST ST,0860,THEFT,RETAIL THEFT,SMALL RETAIL STORE,true,false,0924,11,06,1171697,1884328,2011,02/10/2018 03:50:01 PM,41.83805499,-87.645458414,"(41.83805499, -87.645458414)"
8055777,HT287269,05/09/2011 07:00:00 AM,007XX W 31ST ST,0620,BURGLARY,UNLAWFUL ENTRY,APARTMENT,false,false,0924,11,05,1171970,1884335,2011,02/10/2018 03:50:01 PM,41.838068195,-87.644456449,"(41.838068195, -87.644456449)"
8065828,HT295209,05/14/2011 08:18:00 AM,007XX W 31ST ST,1310,CRIMINAL DAMAGE,TO PROPERTY,OTHER,false,false,0923,11,14,1171993,1884335,2011,02/04/2016 06:33:39 AM,41.838067689,-87.644372052,"(41.838067689, -87.644372052)"
8041725,HT273496,04/01/2011 12:00:00 PM,007XX W 31ST ST,0841,THEFT,FINANCIAL ID THEFT:$300 &UNDER,APARTMENT,false,false,0924,11,06,1171970,1884335,2011,02/10/2018 03:50:01 PM,41.838068195,-87.644456449,"(41.838068195, -87.644456449)"
8053915,HT285895,05/08/2011 04:11:00 PM,007XX W 31ST ST,0860,THEFT,RETAIL THEFT,SMALL RETAIL STORE,false,false,0924,11,06,1171697,1884328,2011,02/10/2018 03:50:01 PM,41.83805499,-87.645458414,"(41.83805499, -87.645458414)"
8084527,HT317130,05/27/2011 01:00:00 PM,007XX W 31ST ST,0560,ASSAULT,SIMPLE,PARKING LOT/GARAGE(NON.RESID.),false,false,0924,11,08A,1171697,1884328,2011,02/10/2018 03:50:01 PM,41.83805499,-87.645458414,"(41.83805499, -87.645458414)"
8009433,HT240491,04/08/2011 03:30:00 PM,007XX W 31ST ST,0860,THEFT,RETAIL THEFT,DRUG STORE,true,false,0924,11,06,1171697,1884328,2011,02/10/2018 03:50:01 PM,41.83805499,-87.645458414,"(41.83805499, -87.645458414)"
8063520,HT294906,05/13/2011 11:00:00 PM,007XX W 31ST ST,1310,CRIMINAL DAMAGE,TO PROPERTY,VACANT LOT/LAND,false,false,0923,11,14,1171982,1884335,2011,02/10/2018 03:50:01 PM,41.838067931,-87.644412415,"(41.838067931, -87.644412415)"
8017677,HT249071,04/14/2011 05:30:00 AM,007XX W 31ST ST,0820,THEFT,$500 AND UNDER,PARKING LOT/GARAGE(NON.RESID.),false,false,0924,11,06,1171673,1884328,2011,02/10/2018 03:50:01 PM,41.838055518,-87.645546481,"(41.838055518, -87.645546481)"
8025018,HT256458,04/14/2011 03:00:00 PM,007XX W 31ST ST,0810,THEFT,OVER $500,RESIDENCE,false,false,0924,11,06,1171946,1884334,2011,02/10/2018 03:50:01 PM,41.838065979,-87.644544545,"(41.838065979, -87.644544545)"
8041744,HT273545,04/30/2011 06:20:00 PM,007XX W 31ST ST,0820,THEFT,$500 AND UNDER,PARKING LOT/GARAGE(NON.RESID.),false,false,0924,11,06,1171697,1884328,2011,02/10/2018 03:50:01 PM,41.83805499,-87.645458414,"(41.83805499, -87.645458414)"
8007959,HT239273,04/07/2011 08:00:00 PM,007XX W 31ST ST,0860,THEFT,RETAIL THEFT,DRUG STORE,true,false,0924,11,06,1171697,1884328,2011,02/10/2018 03:50:01 PM,41.83805499,-87.645458414,"(41.83805499, -87.645458414)"
7970430,HT202851,03/14/2011 04:30:00 PM,007XX W 31ST ST,0470,PUBLIC PEACE VIOLATION,RECKLESS CONDUCT,STREET,true,false,0924,11,24,1172005,1884336,2011,02/10/2018 03:50:01 PM,41.838070169,-87.644327989,"(41.838070169, -87.644327989)"
8106236,HT340540,06/10/2011 07:30:00 AM,007XX W 31ST ST,1320,CRIMINAL DAMAGE,TO VEHICLE,PARKING LOT/GARAGE(NON.RESID.),false,false,0924,11,14,1171663,1884327,2011,02/10/2018 03:50:01 PM,41.838052993,-87.645583205,"(41.838052993, -87.645583205)"
7963179,HT195306,03/09/2011 09:30:00 AM,007XX W 31ST ST,0610,BURGLARY,FORCIBLE ENTRY,APARTMENT,false,false,0924,11,05,1171993,1884335,2011,02/10/2018 03:50:01 PM,41.838067689,-87.644372052,"(41.838067689, -87.644372052)"
7967153,HT199093,03/11/2011 09:30:00 PM,007XX W 31ST ST,0460,BATTERY,SIMPLE,ALLEY,false,false,0924,11,08B,1171697,1884328,2011,02/10/2018 03:50:01 PM,41.83805499,-87.645458414,"(41.83805499, -87.645458414)"
8077593,HT310440,05/23/2011 12:25:00 PM,007XX W 31ST ST,1330,CRIMINAL TRESPASS,TO LAND,DRUG STORE,true,false,0924,11,26,1171697,1884328,2011,02/04/2016 06:33:39 AM,41.83805499,-87.645458414,"(41.83805499, -87.645458414)"
7915234,HT137517,01/27/2011 07:15:00 AM,007XX W 31ST ST,0860,THEFT,RETAIL THEFT,DRUG STORE,false,false,0924,11,06,1171697,1884328,2011,02/04/2016 06:33:39 AM,41.83805499,-87.645458414,"(41.83805499, -87.645458414)"
7937597,HT170164,02/19/2011 05:58:00 PM,007XX W 31ST ST,1330,CRIMINAL TRESPASS,TO LAND,SMALL RETAIL STORE,true,false,0924,11,26,1171697,1884328,2011,02/10/2018 03:50:01 PM,41.83805499,-87.645458414,"(41.83805499, -87.645458414)"
8119880,HT355152,06/18/2011 01:00:00 AM,007XX W 31ST ST,0479,BATTERY,AGG: HANDS/FIST/FEET SERIOUS INJURY,PARKING LOT/GARAGE(NON.RESID.),false,false,0924,11,04B,1171697,1884328,2011,02/10/2018 03:50:01 PM,41.83805499,-87.645458414,"(41.83805499, -87.645458414)"
7963171,HT195282,03/09/2011 09:30:00 AM,007XX W 31ST ST,1310,CRIMINAL DAMAGE,TO PROPERTY,APARTMENT,false,false,0924,11,14,1171993,1884335,2011,02/10/2018 03:50:01 PM,41.838067689,-87.644372052,"(41.838067689, -87.644372052)"
7977531,HT209618,03/18/2011 08:10:00 PM,007XX W 31ST ST,0860,THEFT,RETAIL THEFT,CONVENIENCE STORE,true,false,0924,11,06,1171697,1884328,2011,02/10/2018 03:50:01 PM,41.83805499,-87.645458414,"(41.83805499, -87.645458414)"
7941571,HT174861,02/23/2011 05:55:00 AM,007XX W 31ST ST,1330,CRIMINAL TRESPASS,TO LAND,DRUG STORE,true,false,0924,11,26,1171697,1884328,2011,02/10/2018 03:50:01 PM,41.83805499,-87.645458414,"(41.83805499, -87.645458414)"
7928862,HT160755,02/13/2011 08:07:00 PM,007XX W 31ST ST,1320,CRIMINAL DAMAGE,TO VEHICLE,STREET,false,false,0923,11,14,1171716,1884329,2011,02/10/2018 03:50:01 PM,41.838057317,-87.645388665,"(41.838057317, -87.645388665)"
8277087,HT511094,09/23/2011 08:30:00 AM,007XX W 31ST ST,0610,BURGLARY,FORCIBLE ENTRY,APARTMENT,false,false,0924,11,05,1172029,1884336,2011,02/10/2018 03:50:01 PM,41.83806964,-87.644239922,"(41.83806964, -87.644239922)"
8175972,HT410406,07/22/2011 04:30:00 PM,007XX W 31ST ST,0860,THEFT,RETAIL THEFT,DRUG STORE,true,false,0924,11,06,1171697,1884328,2011,02/10/2018 03:50:01 PM,41.83805499,-87.645458414,"(41.83805499, -87.645458414)"
8184756,HT418946,07/27/2011 09:35:00 PM,007XX W 31ST ST,0460,BATTERY,SIMPLE,PARKING LOT/GARAGE(NON.RESID.),false,false,0923,11,08B,1171678,1884328,2011,02/10/2018 03:50:01 PM,41.838055408,-87.645528134,"(41.838055408, -87.645528134)"
8311672,HT546131,10/08/2011 08:32:00 PM,007XX W 31ST ST,0840,THEFT,FINANCIAL ID THEFT: OVER $300,OTHER,false,false,0924,11,06,1171668,1884327,2011,02/04/2016 06:33:39 AM,41.838052883,-87.645564858,"(41.838052883, -87.645564858)"
8319622,HT553788,10/22/2011 02:12:00 AM,007XX W 31ST ST,0860,THEFT,RETAIL THEFT,DRUG STORE,true,false,0924,11,06,1171697,1884328,2011,02/10/2018 03:50:01 PM,41.83805499,-87.645458414,"(41.83805499, -87.645458414)"
8303547,HT537793,10/11/2011 02:30:00 PM,007XX W 31ST ST,0860,THEFT,RETAIL THEFT,SMALL RETAIL STORE,true,false,0924,11,06,1171697,1884328,2011,02/10/2018 03:50:01 PM,41.83805499,-87.645458414,"(41.83805499, -87.645458414)"
8138817,HT372829,06/30/2011 12:40:00 AM,007XX W 31ST ST,1330,CRIMINAL TRESPASS,TO LAND,DRUG STORE,true,false,0924,11,26,1171697,1884328,2011,02/10/2018 03:50:01 PM,41.83805499,-87.645458414,"(41.83805499, -87.645458414)"
8279401,HT513955,09/25/2011 06:15:00 PM,007XX W 31ST ST,0560,ASSAULT,SIMPLE,SIDEWALK,false,false,0923,11,08A,1171716,1884329,2011,02/10/2018 03:50:01 PM,41.838057317,-87.645388665,"(41.838057317, -87.645388665)"
8241808,HT475453,08/31/2011 09:13:00 PM,007XX W 31ST ST,1310,CRIMINAL DAMAGE,TO PROPERTY,CONVENIENCE STORE,false,false,0924,11,14,1171697,1884328,2011,02/10/2018 03:50:01 PM,41.83805499,-87.645458414,"(41.83805499, -87.645458414)"
8260195,HT492491,09/11/2011 05:30:00 PM,007XX W 31ST ST,0620,BURGLARY,UNLAWFUL ENTRY,APARTMENT,false,false,0924,11,05,1171922,1884333,2011,02/10/2018 03:50:01 PM,41.838063763,-87.644632641,"(41.838063763, -87.644632641)"
8191607,HT426072,07/31/2011 01:30:00 PM,007XX W 31ST ST,0820,THEFT,$500 AND UNDER,VEHICLE NON-COMMERCIAL,false,false,0923,11,06,1172053,1884337,2011,02/10/2018 03:50:01 PM,41.838071856,-87.644151826,"(41.838071856, -87.644151826)"
8273600,HT507802,09/21/2011 06:30:00 PM,007XX W 31ST ST,0420,BATTERY,AGGRAVATED:KNIFE/CUTTING INSTR,PARKING LOT/GARAGE(NON.RESID.),false,false,0924,11,04B,1171678,1884328,2011,02/10/2018 03:50:01 PM,41.838055408,-87.645528134,"(41.838055408, -87.645528134)"
8251698,HT458273,08/21/2011 02:48:00 AM,007XX W 31ST ST,0860,THEFT,RETAIL THEFT,DRUG STORE,false,false,0924,11,06,1171697,1884328,2011,02/10/2018 03:50:01 PM,41.83805499,-87.645458414,"(41.83805499, -87.645458414)"
8186208,HT420108,07/18/2011 05:45:00 PM,007XX W 31ST ST,1150,DECEPTIVE PRACTICE,CREDIT CARD FRAUD,SMALL RETAIL STORE,false,false,0924,11,11,1171697,1884328,2011,02/10/2018 03:50:01 PM,41.83805499,-87.645458414,"(41.83805499, -87.645458414)"
8217476,HT451738,08/17/2011 12:07:00 AM,007XX W 31ST ST,1330,CRIMINAL TRESPASS,TO LAND,DRUG STORE,true,false,0924,11,26,1171697,1884328,2011,02/10/2018 03:50:01 PM,41.83805499,-87.645458414,"(41.83805499, -87.645458414)"
8131105,HT365254,06/24/2011 11:59:00 PM,007XX W 31ST ST,0320,ROBBERY,STRONGARM - NO WEAPON,ALLEY,false,false,0924,11,03,1171697,1884328,2011,02/10/2018 03:50:01 PM,41.83805499,-87.645458414,"(41.83805499, -87.645458414)"
8336831,HT570704,11/01/2011 10:50:00 PM,007XX W 31ST ST,0820,THEFT,$500 AND UNDER,ALLEY,false,false,0924,11,06,1171697,1884328,2011,02/04/2016 06:33:39 AM,41.83805499,-87.645458414,"(41.83805499, -87.645458414)"
8320147,HT554433,10/22/2011 01:23:00 PM,007XX W 31ST ST,2093,NARCOTICS,FOUND SUSPECT NARCOTICS,ALLEY,true,false,0924,11,26,1171922,1884333,2011,02/10/2018 03:50:01 PM,41.838063763,-87.644632641,"(41.838063763, -87.644632641)"
8151012,HT385314,07/07/2011 04:37:00 PM,007XX W 31ST ST,0320,ROBBERY,STRONGARM - NO WEAPON,SIDEWALK,true,false,0923,11,03,1171911,1884333,2011,02/10/2018 03:50:01 PM,41.838064005,-87.644673005,"(41.838064005, -87.644673005)"
8310046,HT544264,10/15/2011 03:45:00 PM,007XX W 31ST ST,2820,OTHER OFFENSE,TELEPHONE THREAT,RESTAURANT,false,false,0923,11,26,1172053,1884337,2011,02/04/2016 06:33:39 AM,41.838071856,-87.644151826,"(41.838071856, -87.644151826)"
8234739,HT468979,08/27/2011 07:00:00 PM,007XX W 31ST ST,0860,THEFT,RETAIL THEFT,SMALL RETAIL STORE,true,false,0924,11,06,1171697,1884328,2011,02/10/2018 03:50:01 PM,41.83805499,-87.645458414,"(41.83805499, -87.645458414)"
8145711,HT380687,07/04/2011 09:40:00 PM,007XX W 31ST ST,0460,BATTERY,SIMPLE,ALLEY,false,false,0924,11,08B,1172053,1884337,2011,02/10/2018 03:50:01 PM,41.838071856,-87.644151826,"(41.838071856, -87.644151826)"
8201530,HT435961,08/07/2011 01:30:00 AM,007XX W 31ST ST,0486,BATTERY,DOMESTIC BATTERY SIMPLE,PARKING LOT/GARAGE(NON.RESID.),false,true,0923,11,08B,1172053,1884337,2011,02/10/2018 03:50:01 PM,41.838071856,-87.644151826,"(41.838071856, -87.644151826)"
8269125,HT501791,09/17/2011 07:00:00 PM,007XX W 31ST ST,0820,THEFT,$500 AND UNDER,OTHER,false,false,0924,11,06,1171721,1884329,2011,02/10/2018 03:50:01 PM,41.838057207,-87.645370318,"(41.838057207, -87.645370318)"
8221591,HT455193,08/19/2011 08:50:00 AM,007XX W 31ST ST,0820,THEFT,$500 AND UNDER,OTHER,false,false,0924,11,06,1171687,1884328,2011,02/10/2018 03:50:01 PM,41.83805521,-87.645495109,"(41.83805521, -87.645495109)"
8371674,HT605289,11/26/2011 12:21:00 AM,007XX W 31ST ST,0470,PUBLIC PEACE VIOLATION,RECKLESS CONDUCT,PARKING LOT/GARAGE(NON.RESID.),true,false,0923,11,24,1171653,1884327,2011,02/04/2016 06:33:39 AM,41.838053213,-87.645619899,"(41.838053213, -87.645619899)"
8383478,HT616863,12/03/2011 11:50:00 PM,007XX W 31ST ST,1320,CRIMINAL DAMAGE,TO VEHICLE,PARKING LOT/GARAGE(NON.RESID.),false,false,0924,11,14,1171697,1884328,2011,02/04/2016 06:33:39 AM,41.83805499,-87.645458414,"(41.83805499, -87.645458414)"
8476186,HV151723,12/20/2011 07:57:00 PM,007XX W 31ST ST,0810,THEFT,OVER $500,SMALL RETAIL STORE,false,false,0924,11,06,1171668,1884327,2011,02/10/2018 03:50:01 PM,41.838052883,-87.645564858,"(41.838052883, -87.645564858)"
8490229,HV167536,02/11/2012 08:00:00 PM,007XX W 31ST ST,0860,THEFT,RETAIL THEFT,DRUG STORE,true,false,0924,11,06,1171721,1884329,2012,02/10/2018 03:50:01 PM,41.838057207,-87.645370318,"(41.838057207, -87.645370318)"
8366606,HT599946,11/22/2011 12:30:00 AM,007XX W 31ST ST,1320,CRIMINAL DAMAGE,TO VEHICLE,ALLEY,false,false,0923,11,14,1171911,1884333,2011,02/04/2016 06:33:39 AM,41.838064005,-87.644673005,"(41.838064005, -87.644673005)"
8478546,HV154933,02/12/2012 03:26:00 AM,007XX W 31ST ST,1811,NARCOTICS,POSS: CANNABIS 30GMS OR LESS,STREET,true,false,0923,11,18,1172053,1884337,2012,02/10/2018 03:50:01 PM,41.838071856,-87.644151826,"(41.838071856, -87.644151826)"
8551664,HV227422,04/04/2012 12:01:00 AM,007XX W 31ST ST,0620,BURGLARY,UNLAWFUL ENTRY,RESIDENCE-GARAGE,false,false,0914,11,05,1171702,1884328,2012,02/04/2016 06:33:39 AM,41.83805488,-87.645440067,"(41.83805488, -87.645440067)"
8430286,HV108603,01/07/2012 02:45:00 PM,007XX W 31ST ST,0860,THEFT,RETAIL THEFT,DRUG STORE,true,false,0924,11,06,1171697,1884328,2012,02/10/2018 03:50:01 PM,41.83805499,-87.645458414,"(41.83805499, -87.645458414)"
8555068,HV227615,04/03/2012 10:00:00 PM,007XX W 31ST ST,0890,THEFT,FROM BUILDING,COMMERCIAL / BUSINESS OFFICE,false,false,0915,11,06,1171668,1884327,2012,02/04/2016 06:33:39 AM,41.838052883,-87.645564858,"(41.838052883, -87.645564858)"
8402437,HT635179,12/16/2011 05:30:00 PM,007XX W 31ST ST,1320,CRIMINAL DAMAGE,TO VEHICLE,PARKING LOT/GARAGE(NON.RESID.),false,false,0924,11,14,1171668,1884327,2011,02/10/2018 03:50:01 PM,41.838052883,-87.645564858,"(41.838052883, -87.645564858)"
8483164,HV159874,02/16/2012 12:20:00 AM,007XX W 31ST ST,0860,THEFT,RETAIL THEFT,RESTAURANT,true,false,0915,11,06,1171668,1884327,2012,02/10/2018 03:50:01 PM,41.838052883,-87.645564858,"(41.838052883, -87.645564858)"
8511951,HV188768,03/08/2012 12:30:00 PM,007XX W 31ST ST,0560,ASSAULT,SIMPLE,RESTAURANT,true,false,0915,11,08A,1171678,1884328,2012,02/10/2018 03:50:01 PM,41.838055408,-87.645528134,"(41.838055408, -87.645528134)"
8533071,HV209632,03/20/2012 01:30:00 PM,007XX W 31ST ST,0560,ASSAULT,SIMPLE,DRUG STORE,true,false,0915,11,08A,1171697,1884328,2012,02/04/2016 06:33:39 AM,41.83805499,-87.645458414,"(41.83805499, -87.645458414)"
8421688,HV100379,01/01/2012 03:40:00 AM,007XX W 31ST ST,1310,CRIMINAL DAMAGE,TO PROPERTY,SMALL RETAIL STORE,false,false,0924,11,14,1171697,1884328,2012,02/10/2018 03:50:01 PM,41.83805499,-87.645458414,"(41.83805499, -87.645458414)"
8350461,HT583439,11/10/2011 03:05:00 PM,007XX W 31ST ST,0460,BATTERY,SIMPLE,DRUG STORE,true,false,0924,11,08B,1171697,1884328,2011,02/04/2016 06:33:39 AM,41.83805499,-87.645458414,"(41.83805499, -87.645458414)"
8468365,HV143386,02/03/2012 03:36:00 AM,007XX W 31ST ST,0610,BURGLARY,FORCIBLE ENTRY,BARBERSHOP,false,false,0923,11,05,1171958,1884334,2012,02/10/2018 03:50:01 PM,41.838065715,-87.644500512,"(41.838065715, -87.644500512)"
8361487,HT594351,11/18/2011 12:55:00 AM,007XX W 31ST ST,0460,BATTERY,SIMPLE,PARKING LOT/GARAGE(NON.RESID.),false,false,0924,11,08B,1171697,1884328,2011,02/04/2016 06:33:39 AM,41.83805499,-87.645458414,"(41.83805499, -87.645458414)"
8485053,HV161689,12/01/2011 12:01:00 AM,007XX W 31ST ST,1152,DECEPTIVE PRACTICE,ILLEGAL USE CASH CARD,DRUG STORE,false,false,0924,11,11,1171697,1884328,2011,02/10/2018 03:50:01 PM,41.83805499,-87.645458414,"(41.83805499, -87.645458414)"
8690275,HV365717,07/04/2012 12:25:00 AM,007XX W 31ST ST,0860,THEFT,RETAIL THEFT,DRUG STORE,true,false,0915,11,06,1171697,1884328,2012,02/04/2016 06:33:39 AM,41.83805499,-87.645458414,"(41.83805499, -87.645458414)"
8705265,HV381275,07/13/2012 03:55:00 PM,007XX W 31ST ST,2820,OTHER OFFENSE,TELEPHONE THREAT,RESTAURANT,false,true,0915,11,26,1171678,1884328,2012,02/04/2016 06:33:39 AM,41.838055408,-87.645528134,"(41.838055408, -87.645528134)"
8707840,HV384678,07/15/2012 08:42:00 PM,007XX W 31ST ST,0460,BATTERY,SIMPLE,PARKING LOT/GARAGE(NON.RESID.),true,false,0915,11,08B,1171712,1884329,2012,02/04/2016 06:33:39 AM,41.838057405,-87.645403343,"(41.838057405, -87.645403343)"
8767780,HV442243,08/22/2012 06:35:00 PM,007XX W 31ST ST,2210,LIQUOR LAW VIOLATION,SELL/GIVE/DEL LIQUOR TO MINOR,SIDEWALK,true,false,0914,11,22,1171692,1884328,2012,02/10/2018 03:50:01 PM,41.8380551,-87.645476761,"(41.8380551, -87.645476761)"
8753528,HV428697,08/13/2012 02:51:00 PM,007XX W 31ST ST,1330,CRIMINAL TRESPASS,TO LAND,SMALL RETAIL STORE,true,false,0915,11,26,1171697,1884328,2012,02/10/2018 03:50:01 PM,41.83805499,-87.645458414,"(41.83805499, -87.645458414)"
8613516,HV287033,05/15/2012 05:57:00 AM,007XX W 31ST ST,1150,DECEPTIVE PRACTICE,CREDIT CARD FRAUD,SMALL RETAIL STORE,true,false,0915,11,11,1171697,1884328,2012,02/04/2016 06:33:39 AM,41.83805499,-87.645458414,"(41.83805499, -87.645458414)"
8746927,HV422157,08/09/2012 12:35:00 AM,007XX W 31ST ST,0460,BATTERY,SIMPLE,GAS STATION,false,false,0915,11,08B,1171687,1884328,2012,02/10/2018 03:50:01 PM,41.83805521,-87.645495109,"(41.83805521, -87.645495109)"
8574299,HV248533,04/19/2012 04:51:00 AM,007XX W 31ST ST,0560,ASSAULT,SIMPLE,RESTAURANT,false,false,0915,11,08A,1171668,1884327,2012,02/04/2016 06:33:39 AM,41.838052883,-87.645564858,"(41.838052883, -87.645564858)"
8598176,HV271944,05/04/2012 10:00:00 PM,007XX W 31ST ST,0460,BATTERY,SIMPLE,SIDEWALK,false,false,0915,11,08B,1171678,1884328,2012,02/04/2016 06:33:39 AM,41.838055408,-87.645528134,"(41.838055408, -87.645528134)"
8643575,HV318799,06/04/2012 07:25:00 PM,007XX W 31ST ST,0860,THEFT,RETAIL THEFT,DRUG STORE,true,false,0915,11,06,1171697,1884328,2012,02/04/2016 06:33:39 AM,41.83805499,-87.645458414,"(41.83805499, -87.645458414)"
8610198,HV284223,05/13/2012 05:50:00 AM,007XX W 31ST ST,0470,PUBLIC PEACE VIOLATION,RECKLESS CONDUCT,SMALL RETAIL STORE,true,false,0915,11,24,1171678,1884328,2012,02/04/2016 06:33:39 AM,41.838055408,-87.645528134,"(41.838055408, -87.645528134)"
8643573,HV318830,06/04/2012 07:40:00 PM,007XX W 31ST ST,1320,CRIMINAL DAMAGE,TO VEHICLE,STREET,true,false,0915,11,14,1171721,1884329,2012,02/04/2016 06:33:39 AM,41.838057207,-87.645370318,"(41.838057207, -87.645370318)"
8582601,HV257048,04/25/2012 03:45:00 AM,007XX W 31ST ST,0910,MOTOR VEHICLE THEFT,AUTOMOBILE,PARKING LOT/GARAGE(NON.RESID.),false,false,0915,11,07,1171678,1884328,2012,02/04/2016 06:33:39 AM,41.838055408,-87.645528134,"(41.838055408, -87.645528134)"
8667968,HV343236,06/19/2012 07:00:00 AM,007XX W 31ST ST,0820,THEFT,$500 AND UNDER,STREET,false,false,0914,11,06,1172041,1884337,2012,02/04/2016 06:33:39 AM,41.83807212,-87.644195859,"(41.83807212, -87.644195859)"
8723617,HV398507,07/24/2012 09:30:00 AM,007XX W 31ST ST,0910,MOTOR VEHICLE THEFT,AUTOMOBILE,PARKING LOT/GARAGE(NON.RESID.),false,false,0915,11,07,1171697,1884328,2012,02/04/2016 06:33:39 AM,41.83805499,-87.645458414,"(41.83805499, -87.645458414)"
8679550,HV354861,06/27/2012 01:30:00 AM,007XX W 31ST ST,0860,THEFT,RETAIL THEFT,CONVENIENCE STORE,true,false,0915,11,06,1171697,1884328,2012,02/04/2016 06:33:39 AM,41.83805499,-87.645458414,"(41.83805499, -87.645458414)"
8624951,HV298569,05/22/2012 08:02:00 PM,007XX W 31ST ST,1330,CRIMINAL TRESPASS,TO LAND,PARKING LOT/GARAGE(NON.RESID.),true,false,0915,11,26,1171653,1884327,2012,02/04/2016 06:33:39 AM,41.838053213,-87.645619899,"(41.838053213, -87.645619899)"
8643914,HV319178,06/05/2012 02:15:00 AM,007XX W 31ST ST,0560,ASSAULT,SIMPLE,DRUG STORE,true,false,0915,11,08A,1171721,1884329,2012,02/04/2016 06:33:39 AM,41.838057207,-87.645370318,"(41.838057207, -87.645370318)"
8642139,HV317428,05/13/2012 12:30:00 AM,007XX W 31ST ST,1150,DECEPTIVE PRACTICE,CREDIT CARD FRAUD,SMALL RETAIL STORE,false,false,0915,11,11,1171697,1884328,2012,02/04/2016 06:33:39 AM,41.83805499,-87.645458414,"(41.83805499, -87.645458414)"
8597558,HV271087,05/04/2012 01:10:00 PM,007XX W 31ST ST,0860,THEFT,RETAIL THEFT,DRUG STORE,false,false,0915,11,06,1171697,1884328,2012,02/04/2016 06:33:39 AM,41.83805499,-87.645458414,"(41.83805499, -87.645458414)"
8649282,HV324239,06/06/2012 10:00:00 AM,007XX W 31ST ST,0460,BATTERY,SIMPLE,SIDEWALK,false,false,0915,11,08B,1171673,1884328,2012,02/04/2016 06:33:39 AM,41.838055518,-87.645546481,"(41.838055518, -87.645546481)"
8758658,HV433492,08/15/2012 08:00:00 PM,007XX W 31ST ST,0820,THEFT,$500 AND UNDER,PARKING LOT/GARAGE(NON.RESID.),false,false,0915,11,06,1171678,1884328,2012,02/10/2018 03:50:01 PM,41.838055408,-87.645528134,"(41.838055408, -87.645528134)"
8923270,HV595756,12/07/2012 08:00:00 PM,007XX W 31ST ST,1150,DECEPTIVE PRACTICE,CREDIT CARD FRAUD,RESIDENCE PORCH/HALLWAY,false,false,0915,11,11,1171922,1884333,2012,02/10/2018 03:50:01 PM,41.838063763,-87.644632641,"(41.838063763, -87.644632641)"
8888359,HV562570,11/15/2012 03:20:00 AM,007XX W 31ST ST,0860,THEFT,RETAIL THEFT,DRUG STORE,false,false,0915,11,06,1171697,1884328,2012,02/10/2018 03:50:01 PM,41.83805499,-87.645458414,"(41.83805499, -87.645458414)"
8808376,HV481909,09/18/2012 11:43:00 PM,007XX W 31ST ST,1330,CRIMINAL TRESPASS,TO LAND,DRUG STORE,true,false,0915,11,26,1171697,1884328,2012,02/10/2018 03:50:01 PM,41.83805499,-87.645458414,"(41.83805499, -87.645458414)"
8966446,HW114660,01/12/2013 04:40:00 AM,007XX W 31ST ST,1320,CRIMINAL DAMAGE,TO VEHICLE,STREET,false,false,0915,11,14,1171911,1884333,2013,02/10/2018 03:50:01 PM,41.838064005,-87.644673005,"(41.838064005, -87.644673005)"
8781056,HV454412,08/30/2012 10:00:00 PM,007XX W 31ST ST,0810,THEFT,OVER $500,PARKING LOT/GARAGE(NON.RESID.),false,false,0915,11,06,1171721,1884329,2012,02/10/2018 03:50:01 PM,41.838057207,-87.645370318,"(41.838057207, -87.645370318)"
8929610,HV601159,12/13/2012 05:30:00 PM,007XX W 31ST ST,0460,BATTERY,SIMPLE,SMALL RETAIL STORE,true,false,0915,11,08B,1171697,1884328,2012,02/10/2018 03:50:01 PM,41.83805499,-87.645458414,"(41.83805499, -87.645458414)"
8914284,HV587427,12/03/2012 04:15:00 PM,007XX W 31ST ST,0860,THEFT,RETAIL THEFT,SMALL RETAIL STORE,true,false,0915,11,06,1171697,1884328,2012,02/10/2018 03:50:01 PM,41.83805499,-87.645458414,"(41.83805499, -87.645458414)"
8827614,HV499622,10/01/2012 01:10:00 PM,007XX W 31ST ST,0860,THEFT,RETAIL THEFT,CONVENIENCE STORE,false,false,0915,11,06,1171697,1884328,2012,02/10/2018 03:50:01 PM,41.83805499,-87.645458414,"(41.83805499, -87.645458414)"
8903217,HV577456,11/26/2012 12:55:00 AM,007XX W 31ST ST,0610,BURGLARY,FORCIBLE ENTRY,RESTAURANT,false,false,0915,11,05,1171678,1884328,2012,02/10/2018 03:50:01 PM,41.838055408,-87.645528134,"(41.838055408, -87.645528134)"
8945350,HV617724,12/27/2012 12:13:00 AM,007XX W 31ST ST,0486,BATTERY,DOMESTIC BATTERY SIMPLE,APARTMENT,false,true,0915,11,08B,1171687,1884328,2012,02/10/2018 03:50:01 PM,41.83805521,-87.645495109,"(41.83805521, -87.645495109)"
8812862,HV485811,09/21/2012 04:09:00 PM,007XX W 31ST ST,1330,CRIMINAL TRESPASS,TO LAND,PARKING LOT/GARAGE(NON.RESID.),true,false,0915,11,26,1171697,1884328,2012,02/10/2018 03:50:01 PM,41.83805499,-87.645458414,"(41.83805499, -87.645458414)"
8784321,HV458236,09/02/2012 04:00:00 PM,007XX W 31ST ST,1310,CRIMINAL DAMAGE,TO PROPERTY,RESIDENCE,false,false,0914,11,14,1172041,1884337,2012,02/10/2018 03:50:01 PM,41.83807212,-87.644195859,"(41.83807212, -87.644195859)"
8878700,HV552518,11/07/2012 07:15:00 PM,007XX W 31ST ST,0560,ASSAULT,SIMPLE,RESTAURANT,true,false,0915,11,08A,1171668,1884327,2012,02/10/2018 03:50:01 PM,41.838052883,-87.645564858,"(41.838052883, -87.645564858)"
8824838,HV497971,09/30/2012 04:50:00 AM,007XX W 31ST ST,0860,THEFT,RETAIL THEFT,DRUG STORE,false,false,0915,11,06,1171697,1884328,2012,02/10/2018 03:50:01 PM,41.83805499,-87.645458414,"(41.83805499, -87.645458414)"
8919519,HV591394,12/06/2012 12:20:00 PM,007XX W 31ST ST,0860,THEFT,RETAIL THEFT,SMALL RETAIL STORE,false,false,0915,11,06,1171697,1884328,2012,02/10/2018 03:50:01 PM,41.83805499,-87.645458414,"(41.83805499, -87.645458414)"
8799273,HV473095,09/12/2012 07:10:00 PM,007XX W 31ST ST,0560,ASSAULT,SIMPLE,PARKING LOT/GARAGE(NON.RESID.),true,false,0915,11,08A,1171712,1884329,2012,02/10/2018 03:50:01 PM,41.838057405,-87.645403343,"(41.838057405, -87.645403343)"
8989725,HW135984,01/29/2013 11:15:00 AM,007XX W 31ST ST,0860,THEFT,RETAIL THEFT,SMALL RETAIL STORE,true,false,0915,11,06,1171668,1884327,2013,02/10/2018 03:50:01 PM,41.838052883,-87.645564858,"(41.838052883, -87.645564858)"
8858183,HV532003,10/24/2012 05:15:00 AM,007XX W 31ST ST,0860,THEFT,RETAIL THEFT,DEPARTMENT STORE,false,false,0915,11,06,1171697,1884328,2012,02/10/2018 03:50:01 PM,41.83805499,-87.645458414,"(41.83805499, -87.645458414)"
9027241,HW174490,03/01/2013 01:19:00 AM,007XX W 31ST ST,0430,BATTERY,AGGRAVATED: OTHER DANG WEAPON,OTHER,false,false,0915,11,04B,1171678,1884328,2013,02/10/2018 03:50:01 PM,41.838055408,-87.645528134,"(41.838055408, -87.645528134)"
9014719,HW162510,02/15/2013 09:14:00 PM,007XX W 31ST ST,1152,DECEPTIVE PRACTICE,ILLEGAL USE CASH CARD,DRUG STORE,false,false,0915,11,11,1171697,1884328,2013,02/10/2018 03:50:01 PM,41.83805499,-87.645458414,"(41.83805499, -87.645458414)"
9072885,HW217465,04/03/2013 10:03:00 AM,007XX W 31ST ST,0860,THEFT,RETAIL THEFT,DRUG STORE,false,false,0915,11,06,1171697,1884328,2013,02/10/2018 03:50:01 PM,41.83805499,-87.645458414,"(41.83805499, -87.645458414)"
9063110,HW208014,03/26/2013 11:45:00 PM,007XX W 31ST ST,0860,THEFT,RETAIL THEFT,DRUG STORE,false,false,0915,11,06,1171697,1884328,2013,02/10/2018 03:50:01 PM,41.83805499,-87.645458414,"(41.83805499, -87.645458414)"
9140166,HW285530,05/22/2013 06:30:00 AM,007XX W 31ST ST,1330,CRIMINAL TRESPASS,TO LAND,DRUG STORE,true,false,0915,11,26,1171697,1884328,2013,02/10/2018 03:50:01 PM,41.83805499,-87.645458414,"(41.83805499, -87.645458414)"
9059612,HW204517,03/24/2013 12:26:00 AM,007XX W 31ST ST,0860,THEFT,RETAIL THEFT,GROCERY FOOD STORE,true,false,0915,11,06,1171697,1884328,2013,02/10/2018 03:50:01 PM,41.83805499,-87.645458414,"(41.83805499, -87.645458414)"
9212115,HW358288,07/11/2013 07:20:00 PM,007XX W 31ST ST,1330,CRIMINAL TRESPASS,TO LAND,OTHER,true,false,0915,11,26,1171682,1884328,2013,02/10/2018 03:50:01 PM,41.83805532,-87.645513456,"(41.83805532, -87.645513456)"
9178833,HW323911,06/18/2013 08:42:00 AM,007XX W 31ST ST,0860,THEFT,RETAIL THEFT,SMALL RETAIL STORE,true,false,0915,11,06,1171697,1884328,2013,02/10/2018 03:50:01 PM,41.83805499,-87.645458414,"(41.83805499, -87.645458414)"
9174563,HW318573,06/11/2013 04:00:00 PM,007XX W 31ST ST,0810,THEFT,OVER $500,RESIDENCE,false,false,0914,11,06,1171970,1884335,2013,02/10/2018 03:50:01 PM,41.838068195,-87.644456449,"(41.838068195, -87.644456449)"
9068125,HW213334,03/31/2013 02:09:00 AM,007XX W 31ST ST,0460,BATTERY,SIMPLE,PARKING LOT/GARAGE(NON.RESID.),false,false,0915,11,08B,1171687,1884328,2013,02/10/2018 03:50:01 PM,41.83805521,-87.645495109,"(41.83805521, -87.645495109)"
9162363,HW307112,06/06/2013 02:10:00 PM,007XX W 31ST ST,0890,THEFT,FROM BUILDING,COMMERCIAL / BUSINESS OFFICE,false,false,0914,11,06,1172041,1884337,2013,02/10/2018 03:50:01 PM,41.83807212,-87.644195859,"(41.83807212, -87.644195859)"
9113858,HW256973,04/30/2013 02:00:00 PM,007XX W 31ST ST,0560,ASSAULT,SIMPLE,RESTAURANT,false,false,0914,11,08A,1172053,1884337,2013,02/10/2018 03:50:01 PM,41.838071856,-87.644151826,"(41.838071856, -87.644151826)"
9054005,HW199192,03/19/2013 08:30:00 PM,007XX W 31ST ST,0890,THEFT,FROM BUILDING,DRUG STORE,false,false,0915,11,06,1171697,1884328,2013,02/10/2018 03:50:01 PM,41.83805499,-87.645458414,"(41.83805499, -87.645458414)"
9186612,HW331993,06/23/2013 05:15:00 PM,007XX W 31ST ST,1811,NARCOTICS,POSS: CANNABIS 30GMS OR LESS,VEHICLE NON-COMMERCIAL,true,false,0915,11,18,1171697,1884328,2013,02/10/2018 03:50:01 PM,41.83805499,-87.645458414,"(41.83805499, -87.645458414)"
9001369,HW148110,02/07/2013 06:27:00 PM,007XX W 31ST ST,0860,THEFT,RETAIL THEFT,SMALL RETAIL STORE,true,false,0915,11,06,1171668,1884327,2013,02/10/2018 03:50:01 PM,41.838052883,-87.645564858,"(41.838052883, -87.645564858)"
9085852,HW229110,12/14/2012 09:00:00 AM,007XX W 31ST ST,1130,DECEPTIVE PRACTICE,FRAUD OR CONFIDENCE GAME,RESTAURANT,false,false,0915,11,11,1172053,1884337,2012,02/10/2018 03:50:01 PM,41.838071856,-87.644151826,"(41.838071856, -87.644151826)"
9102226,HW246633,04/24/2013 11:20:00 PM,007XX W 31ST ST,0860,THEFT,RETAIL THEFT,SMALL RETAIL STORE,true,false,0915,11,06,1171697,1884328,2013,02/10/2018 03:50:01 PM,41.83805499,-87.645458414,"(41.83805499, -87.645458414)"
9078532,HW223571,04/07/2013 07:29:00 PM,007XX W 31ST ST,0454,BATTERY,AGG PO HANDS NO/MIN INJURY,DRUG STORE,true,false,0915,11,08B,1171697,1884328,2013,02/10/2018 03:50:01 PM,41.83805499,-87.645458414,"(41.83805499, -87.645458414)"
9017629,HW164873,02/21/2013 01:00:00 PM,007XX W 31ST ST,0860,THEFT,RETAIL THEFT,DRUG STORE,false,false,0915,11,06,1171697,1884328,2013,02/10/2018 03:50:01 PM,41.83805499,-87.645458414,"(41.83805499, -87.645458414)"
9098557,HW243079,04/22/2013 02:26:00 PM,007XX W 31ST ST,0860,THEFT,RETAIL THEFT,DEPARTMENT STORE,true,false,0915,11,06,1171697,1884328,2013,02/10/2018 03:50:01 PM,41.83805499,-87.645458414,"(41.83805499, -87.645458414)"
9154742,HW300272,06/01/2013 05:30:00 PM,007XX W 31ST ST,0820,THEFT,$500 AND UNDER,APARTMENT,false,true,0914,11,06,1171970,1884335,2013,02/10/2018 03:50:01 PM,41.838068195,-87.644456449,"(41.838068195, -87.644456449)"
9134923,HW279523,05/18/2013 01:06:00 AM,007XX W 31ST ST,0470,PUBLIC PEACE VIOLATION,RECKLESS CONDUCT,PARKING LOT/GARAGE(NON.RESID.),true,false,0915,11,24,1171687,1884328,2013,02/10/2018 03:50:01 PM,41.83805521,-87.645495109,"(41.83805521, -87.645495109)"
9141339,HW286233,05/22/2013 03:15:00 PM,007XX W 31ST ST,0860,THEFT,RETAIL THEFT,SMALL RETAIL STORE,true,false,0915,11,06,1171697,1884328,2013,02/10/2018 03:50:01 PM,41.83805499,-87.645458414,"(41.83805499, -87.645458414)"
9158882,HW304038,06/04/2013 01:36:00 PM,007XX W 31ST ST,2820,OTHER OFFENSE,TELEPHONE THREAT,OTHER,false,false,0914,11,26,1171946,1884334,2013,02/10/2018 03:50:01 PM,41.838065979,-87.644544545,"(41.838065979, -87.644544545)"
9220866,HW366476,07/16/2013 12:20:00 PM,007XX W 31ST ST,1150,DECEPTIVE PRACTICE,CREDIT CARD FRAUD,DEPARTMENT STORE,false,false,0915,11,11,1171697,1884328,2013,02/10/2018 03:50:01 PM,41.83805499,-87.645458414,"(41.83805499, -87.645458414)"
9150286,HW295933,05/29/2013 05:35:00 PM,007XX W 31ST ST,2090,NARCOTICS,ALTER/FORGE PRESCRIPTION,CONVENIENCE STORE,true,false,0915,11,18,1171697,1884328,2013,02/10/2018 03:50:01 PM,41.83805499,-87.645458414,"(41.83805499, -87.645458414)"
9350679,HW494538,10/15/2013 11:10:00 PM,007XX W 31ST ST,1811,NARCOTICS,POSS: CANNABIS 30GMS OR LESS,STREET,true,false,0914,11,18,1171911,1884333,2013,02/10/2018 03:50:01 PM,41.838064005,-87.644673005,"(41.838064005, -87.644673005)"
9418706,HW562203,12/07/2013 12:20:00 PM,007XX W 31ST ST,1152,DECEPTIVE PRACTICE,ILLEGAL USE CASH CARD,GAS STATION,false,false,0914,11,11,1171673,1884328,2013,02/10/2018 03:50:01 PM,41.838055518,-87.645546481,"(41.838055518, -87.645546481)"
9307562,HW451799,09/14/2013 03:00:00 PM,007XX W 31ST ST,1330,CRIMINAL TRESPASS,TO LAND,DRUG STORE,false,false,0915,11,26,1171697,1884328,2013,02/10/2018 03:50:01 PM,41.83805499,-87.645458414,"(41.83805499, -87.645458414)"
9250929,HW396456,08/06/2013 08:07:00 PM,007XX W 31ST ST,3731,INTERFERENCE WITH PUBLIC OFFICER,OBSTRUCTING IDENTIFICATION,SIDEWALK,true,false,0915,11,24,1172029,1884336,2013,02/10/2018 03:50:01 PM,41.83806964,-87.644239922,"(41.83806964, -87.644239922)"
9366113,HW509469,10/27/2013 04:35:00 PM,007XX W 31ST ST,0890,THEFT,FROM BUILDING,DEPARTMENT STORE,false,false,0915,11,06,1171697,1884328,2013,02/10/2018 03:50:01 PM,41.83805499,-87.645458414,"(41.83805499, -87.645458414)"
9233831,HW374427,07/22/2013 11:30:00 AM,007XX W 31ST ST,0610,BURGLARY,FORCIBLE ENTRY,APARTMENT,false,false,0914,11,05,1171970,1884335,2013,02/10/2018 03:50:01 PM,41.838068195,-87.644456449,"(41.838068195, -87.644456449)"
9375681,HW519222,11/03/2013 04:00:00 PM,007XX W 31ST ST,0560,ASSAULT,SIMPLE,STREET,false,false,0915,11,08A,1171697,1884328,2013,02/10/2018 03:50:01 PM,41.83805499,-87.645458414,"(41.83805499, -87.645458414)"
9386918,HW529329,11/11/2013 12:00:00 PM,007XX W 31ST ST,0810,THEFT,OVER $500,DRUG STORE,false,false,0915,11,06,1171697,1884328,2013,02/10/2018 03:50:01 PM,41.83805499,-87.645458414,"(41.83805499, -87.645458414)"
9387970,HW531423,11/11/2013 09:00:00 AM,007XX W 31ST ST,1150,DECEPTIVE PRACTICE,CREDIT CARD FRAUD,SMALL RETAIL STORE,false,false,0915,11,11,1171697,1884328,2013,02/10/2018 03:50:01 PM,41.83805499,-87.645458414,"(41.83805499, -87.645458414)"
9307847,HW452383,09/15/2013 01:00:00 AM,007XX W 31ST ST,1811,NARCOTICS,POSS: CANNABIS 30GMS OR LESS,ALLEY,true,false,0915,11,18,1171970,1884335,2013,02/10/2018 03:50:01 PM,41.838068195,-87.644456449,"(41.838068195, -87.644456449)"
9240009,HW386031,07/30/2013 11:30:00 AM,007XX W 31ST ST,0610,BURGLARY,FORCIBLE ENTRY,RESIDENCE,false,false,0914,11,05,1171970,1884335,2013,02/10/2018 03:50:01 PM,41.838068195,-87.644456449,"(41.838068195, -87.644456449)"
9236041,HW383007,07/28/2013 04:20:00 PM,007XX W 31ST ST,0560,ASSAULT,SIMPLE,RESTAURANT,false,false,0915,11,08A,1171668,1884327,2013,02/10/2018 03:50:01 PM,41.838052883,-87.645564858,"(41.838052883, -87.645564858)"
9364226,HW506786,05/01/2013 03:00:00 PM,007XX W 31ST ST,0610,BURGLARY,FORCIBLE ENTRY,APARTMENT,false,false,0914,11,05,1171697,1884328,2013,02/10/2018 03:50:01 PM,41.83805499,-87.645458414,"(41.83805499, -87.645458414)"
9327292,HW470726,09/28/2013 09:15:00 AM,007XX W 31ST ST,0560,ASSAULT,SIMPLE,RESTAURANT,false,true,0915,11,08A,1171697,1884328,2013,09/07/2021 03:41:02 PM,41.83805499,-87.645458414,"(41.83805499, -87.645458414)"
9423836,HW567217,12/11/2013 05:45:00 PM,007XX W 31ST ST,0560,ASSAULT,SIMPLE,DRUG STORE,false,false,0915,11,08A,1171697,1884328,2013,02/10/2018 03:50:01 PM,41.83805499,-87.645458414,"(41.83805499, -87.645458414)"
9369728,HW512496,10/29/2013 08:30:00 PM,007XX W 31ST ST,0560,ASSAULT,SIMPLE,DEPARTMENT STORE,false,false,0915,11,08A,1171668,1884327,2013,02/10/2018 03:50:01 PM,41.838052883,-87.645564858,"(41.838052883, -87.645564858)"
9634958,HX286299,06/02/2014 09:15:00 AM,007XX W 31ST ST,0820,THEFT,$500 AND UNDER,ALLEY,false,false,0915,11,06,1171697,1884328,2014,02/10/2018 03:50:01 PM,41.83805499,-87.645458414,"(41.83805499, -87.645458414)"
9498677,HX153494,02/16/2014 05:11:00 PM,007XX W 31ST ST,0860,THEFT,RETAIL THEFT,DRUG STORE,true,false,0915,11,06,1171697,1884328,2014,02/10/2018 03:50:01 PM,41.83805499,-87.645458414,"(41.83805499, -87.645458414)"
9503902,HX158743,02/20/2014 10:30:00 PM,007XX W 31ST ST,0460,BATTERY,SIMPLE,PARKING LOT/GARAGE(NON.RESID.),false,false,0915,11,08B,1171697,1884328,2014,02/04/2016 06:33:39 AM,41.83805499,-87.645458414,"(41.83805499, -87.645458414)"
9567886,HX218369,04/10/2014 03:21:00 PM,007XX W 31ST ST,0560,ASSAULT,SIMPLE,RESTAURANT,true,true,0915,11,08A,1171678,1884328,2014,02/04/2016 06:33:39 AM,41.838055408,-87.645528134,"(41.838055408, -87.645528134)"
9659404,HX309526,06/18/2014 11:40:00 PM,007XX W 31ST ST,0620,BURGLARY,UNLAWFUL ENTRY,APARTMENT,false,false,0914,11,05,1171697,1884328,2014,02/10/2018 03:50:01 PM,41.83805499,-87.645458414,"(41.83805499, -87.645458414)"
9573201,HX223878,04/15/2014 12:40:00 AM,007XX W 31ST ST,0560,ASSAULT,SIMPLE,DRUG STORE,false,false,0915,11,08A,1171697,1884328,2014,02/10/2018 03:50:01 PM,41.83805499,-87.645458414,"(41.83805499, -87.645458414)"
9540627,HX193619,11/21/2013 12:00:00 AM,007XX W 31ST ST,1154,DECEPTIVE PRACTICE,FINANCIAL IDENTITY THEFT $300 AND UNDER,OTHER,false,false,0914,11,11,1171970,1884335,2013,02/10/2018 03:50:01 PM,41.838068195,-87.644456449,"(41.838068195, -87.644456449)"
9451881,HX105281,01/06/2014 05:45:00 PM,007XX W 31ST ST,051A,ASSAULT,AGGRAVATED: HANDGUN,STREET,true,false,0915,11,04A,1171682,1884328,2014,02/10/2018 03:50:01 PM,41.83805532,-87.645513456,"(41.83805532, -87.645513456)"
9463340,HX116157,01/15/2014 10:20:00 PM,007XX W 31ST ST,1330,CRIMINAL TRESPASS,TO LAND,CONVENIENCE STORE,true,false,0915,11,26,1171697,1884328,2014,02/10/2018 03:50:01 PM,41.83805499,-87.645458414,"(41.83805499, -87.645458414)"
9575866,HX226457,04/17/2014 04:40:00 AM,007XX W 31ST ST,1330,CRIMINAL TRESPASS,TO LAND,DRUG STORE,true,false,0915,11,26,1171697,1884328,2014,02/04/2016 06:33:39 AM,41.83805499,-87.645458414,"(41.83805499, -87.645458414)"
9478465,HX131736,01/29/2014 03:05:00 PM,007XX W 31ST ST,0860,THEFT,RETAIL THEFT,DRUG STORE,true,false,0915,11,06,1171697,1884328,2014,02/04/2016 06:33:39 AM,41.83805499,-87.645458414,"(41.83805499, -87.645458414)"
9667261,HX317247,06/24/2014 04:45:00 PM,007XX W 31ST ST,2850,PUBLIC PEACE VIOLATION,BOMB THREAT,SMALL RETAIL STORE,false,false,0915,11,26,1171697,1884328,2014,02/10/2018 03:50:01 PM,41.83805499,-87.645458414,"(41.83805499, -87.645458414)"
9460143,HX113540,01/13/2014 08:40:00 PM,007XX W 31ST ST,0860,THEFT,RETAIL THEFT,SMALL RETAIL STORE,true,false,0915,11,06,1171697,1884328,2014,02/04/2016 06:33:39 AM,41.83805499,-87.645458414,"(41.83805499, -87.645458414)"
9518281,HX173784,02/26/2014 04:30:00 PM,007XX W 31ST ST,3960,INTIMIDATION,INTIMIDATION,SIDEWALK,false,false,0915,11,26,1172053,1884337,2014,02/10/2018 03:50:01 PM,41.838071856,-87.644151826,"(41.838071856, -87.644151826)"
9601094,HX251537,05/06/2014 11:15:00 PM,007XX W 31ST ST,5002,OTHER OFFENSE,OTHER VEHICLE OFFENSE,STREET,true,false,0914,11,26,1171721,1884329,2014,02/04/2016 06:33:39 AM,41.838057207,-87.645370318,"(41.838057207, -87.645370318)"
9460224,HX113637,01/13/2014 11:15:00 PM,007XX W 31ST ST,4510,OTHER OFFENSE,PROBATION VIOLATION,SMALL RETAIL STORE,true,false,0915,11,26,1171697,1884328,2014,02/10/2018 03:50:01 PM,41.83805499,-87.645458414,"(41.83805499, -87.645458414)"
9611868,HX261835,05/14/2014 04:55:00 PM,007XX W 31ST ST,0560,ASSAULT,SIMPLE,RESTAURANT,true,false,0915,11,08A,1171678,1884328,2014,02/10/2018 03:50:01 PM,41.838055408,-87.645528134,"(41.838055408, -87.645528134)"
9520979,HX175655,03/07/2014 11:47:00 AM,007XX W 31ST ST,0860,THEFT,RETAIL THEFT,DRUG STORE,true,false,0915,11,06,1171697,1884328,2014,02/10/2018 03:50:01 PM,41.83805499,-87.645458414,"(41.83805499, -87.645458414)"
9484286,HX137849,02/03/2014 03:55:00 PM,007XX W 31ST ST,0860,THEFT,RETAIL THEFT,DRUG STORE,true,false,0915,11,06,1171697,1884328,2014,02/04/2016 06:33:39 AM,41.83805499,-87.645458414,"(41.83805499, -87.645458414)"
9468174,HX121303,01/20/2014 02:50:00 PM,007XX W 31ST ST,1330,CRIMINAL TRESPASS,TO LAND,SMALL RETAIL STORE,true,false,0915,11,26,1171697,1884328,2014,02/04/2016 06:33:39 AM,41.83805499,-87.645458414,"(41.83805499, -87.645458414)"
9601560,HX251751,04/28/2014 06:00:00 PM,007XX W 31ST ST,0820,THEFT,$500 AND UNDER,PARKING LOT/GARAGE(NON.RESID.),false,false,0915,11,06,1171721,1884329,2014,02/04/2016 06:33:39 AM,41.838057207,-87.645370318,"(41.838057207, -87.645370318)"
9862272,HX512106,11/19/2014 12:20:00 AM,007XX W 31ST ST,0860,THEFT,RETAIL THEFT,DRUG STORE,true,false,0915,11,06,1171697,1884328,2014,02/04/2016 06:33:39 AM,41.83805499,-87.645458414,"(41.83805499, -87.645458414)"
9771874,HX422728,09/10/2014 05:00:00 AM,007XX W 31ST ST,0820,THEFT,$500 AND UNDER,RESIDENCE,false,false,0914,11,06,1171697,1884328,2014,02/10/2018 03:50:01 PM,41.83805499,-87.645458414,"(41.83805499, -87.645458414)"
9725678,HX375585,08/05/2014 07:50:00 PM,007XX W 31ST ST,1330,CRIMINAL TRESPASS,TO LAND,DRUG STORE,true,false,0915,11,26,1171678,1884328,2014,02/10/2018 03:50:01 PM,41.838055408,-87.645528134,"(41.838055408, -87.645528134)"
9889017,HX539168,12/12/2014 08:20:00 AM,007XX W 31ST ST,1310,CRIMINAL DAMAGE,TO PROPERTY,BARBERSHOP,false,false,0914,11,14,1171958,1884334,2014,02/10/2018 03:50:01 PM,41.838065715,-87.644500512,"(41.838065715, -87.644500512)"
9865507,HX515235,11/21/2014 03:50:00 PM,007XX W 31ST ST,0430,BATTERY,AGGRAVATED: OTHER DANG WEAPON,STREET,false,false,0915,11,04B,1172053,1884337,2014,02/04/2016 06:33:39 AM,41.838071856,-87.644151826,"(41.838071856, -87.644151826)"
9862136,HX511971,11/18/2014 07:57:00 PM,007XX W 31ST ST,2210,LIQUOR LAW VIOLATION,SELL/GIVE/DEL LIQUOR TO MINOR,DRUG STORE,true,false,0915,11,22,1171697,1884328,2014,02/04/2016 06:33:39 AM,41.83805499,-87.645458414,"(41.83805499, -87.645458414)"
9711158,HX361133,07/26/2014 12:30:00 PM,007XX W 31ST ST,0560,ASSAULT,SIMPLE,DRUG STORE,true,false,0915,11,08A,1171697,1884328,2014,02/10/2018 03:50:01 PM,41.83805499,-87.645458414,"(41.83805499, -87.645458414)"
9741470,HX391915,08/17/2014 07:44:00 PM,007XX W 31ST ST,0860,THEFT,RETAIL THEFT,CONVENIENCE STORE,false,false,0915,11,06,1171697,1884328,2014,02/10/2018 03:50:01 PM,41.83805499,-87.645458414,"(41.83805499, -87.645458414)"
9799497,HX448631,09/29/2014 06:38:00 PM,007XX W 31ST ST,0860,THEFT,RETAIL THEFT,SMALL RETAIL STORE,true,false,0915,11,06,1171697,1884328,2014,02/10/2018 03:50:01 PM,41.83805499,-87.645458414,"(41.83805499, -87.645458414)"
9897004,HX547220,12/18/2014 04:00:00 PM,007XX W 31ST ST,0860,THEFT,RETAIL THEFT,DRUG STORE,false,false,0915,11,06,1171697,1884328,2014,02/10/2018 03:50:01 PM,41.83805499,-87.645458414,"(41.83805499, -87.645458414)"
9707823,HX357758,07/23/2014 09:44:00 PM,007XX W 31ST ST,1365,CRIMINAL TRESPASS,TO RESIDENCE,APARTMENT,true,false,0914,11,26,1171716,1884329,2014,02/10/2018 03:50:01 PM,41.838057317,-87.645388665,"(41.838057317, -87.645388665)"
9725944,HX375944,08/06/2014 04:30:00 AM,007XX W 31ST ST,0860,THEFT,RETAIL THEFT,DRUG STORE,false,false,0915,11,06,1171697,1884328,2014,02/10/2018 03:50:01 PM,41.83805499,-87.645458414,"(41.83805499, -87.645458414)"
9867266,HX517737,11/23/2014 03:37:00 PM,007XX W 31ST ST,0860,THEFT,RETAIL THEFT,GROCERY FOOD STORE,true,false,0915,11,06,1171697,1884328,2014,02/10/2018 03:50:01 PM,41.83805499,-87.645458414,"(41.83805499, -87.645458414)"
9767375,HX417817,09/06/2014 12:00:00 PM,007XX W 31ST ST,0860,THEFT,RETAIL THEFT,GROCERY FOOD STORE,true,false,0915,11,06,1171697,1884328,2014,02/10/2018 03:50:01 PM,41.83805499,-87.645458414,"(41.83805499, -87.645458414)"
9811127,HX459772,10/08/2014 11:50:00 AM,007XX W 31ST ST,0820,THEFT,$500 AND UNDER,OTHER,false,false,0915,11,06,1171697,1884328,2014,02/10/2018 03:50:01 PM,41.83805499,-87.645458414,"(41.83805499, -87.645458414)"
9754890,HX404689,08/26/2014 05:45:00 AM,007XX W 31ST ST,0860,THEFT,RETAIL THEFT,DRUG STORE,false,false,0915,11,06,1171697,1884328,2014,02/10/2018 03:50:01 PM,41.83805499,-87.645458414,"(41.83805499, -87.645458414)"
9739694,HX389575,08/16/2014 04:19:00 AM,007XX W 31ST ST,0860,THEFT,RETAIL THEFT,SMALL RETAIL STORE,false,false,0915,11,06,1171697,1884328,2014,02/10/2018 03:50:01 PM,41.83805499,-87.645458414,"(41.83805499, -87.645458414)"
9721224,HX371180,08/02/2014 04:15:00 PM,007XX W 31ST ST,0820,THEFT,$500 AND UNDER,RESTAURANT,false,false,0915,11,06,1171668,1884327,2014,02/10/2018 03:50:01 PM,41.838052883,-87.645564858,"(41.838052883, -87.645564858)"
9711898,HX361940,07/26/2014 05:00:00 PM,007XX W 31ST ST,0820,THEFT,$500 AND UNDER,RESIDENCE,false,false,0914,11,06,1171692,1884328,2014,02/10/2018 03:50:01 PM,41.8380551,-87.645476761,"(41.8380551, -87.645476761)"
9968142,HY157165,02/19/2015 08:44:00 PM,007XX W 31ST ST,0560,ASSAULT,SIMPLE,DRUG STORE,true,false,0915,11,08A,1171697,1884328,2015,02/10/2018 03:50:01 PM,41.83805499,-87.645458414,"(41.83805499, -87.645458414)"
9924973,HY113793,01/13/2015 05:15:00 PM,007XX W 31ST ST,0860,THEFT,RETAIL THEFT,DRUG STORE,true,false,0915,11,06,1171697,1884328,2015,02/10/2018 03:50:01 PM,41.83805499,-87.645458414,"(41.83805499, -87.645458414)"
10056580,HY246016,05/03/2015 10:00:00 PM,007XX W 31ST ST,0860,THEFT,RETAIL THEFT,SMALL RETAIL STORE,false,false,0915,11,06,1171697,1884328,2015,02/10/2018 03:50:01 PM,41.83805499,-87.645458414,"(41.83805499, -87.645458414)"
10114873,HY303657,06/16/2015 02:59:00 PM,007XX W 31ST ST,0860,THEFT,RETAIL THEFT,DRUG STORE,false,false,0915,11,06,1171697,1884328,2015,02/10/2018 03:50:01 PM,41.83805499,-87.645458414,"(41.83805499, -87.645458414)"
10124194,HY312057,06/22/2015 09:05:00 PM,007XX W 31ST ST,0860,THEFT,RETAIL THEFT,SMALL RETAIL STORE,false,false,0914,11,06,1171556,1884325,2015,02/10/2018 03:50:01 PM,41.838049855,-87.645975895,"(41.838049855, -87.645975895)"
10129707,HY318154,06/27/2015 01:30:00 PM,007XX W 31ST ST,0890,THEFT,FROM BUILDING,RESTAURANT,false,false,0915,11,06,1171668,1884327,2015,02/10/2018 03:50:01 PM,41.838052883,-87.645564858,"(41.838052883, -87.645564858)"
9969933,HY159632,02/21/2015 08:30:00 PM,007XX W 31ST ST,0430,BATTERY,AGGRAVATED: OTHER DANG WEAPON,RESTAURANT,false,false,0914,11,04B,1171692,1884328,2015,02/10/2018 03:50:01 PM,41.8380551,-87.645476761,"(41.8380551, -87.645476761)"
9918800,HY107575,01/06/2015 06:55:00 PM,007XX W 31ST ST,0820,THEFT,$500 AND UNDER,PARKING LOT/GARAGE(NON.RESID.),false,false,0915,11,06,1171993,1884335,2015,02/10/2018 03:50:01 PM,41.838067689,-87.644372052,"(41.838067689, -87.644372052)"
9923409,HY105128,01/04/2015 10:21:00 PM,007XX W 31ST ST,1150,DECEPTIVE PRACTICE,CREDIT CARD FRAUD,SMALL RETAIL STORE,false,false,0915,11,11,1171697,1884328,2015,02/10/2018 03:50:01 PM,41.83805499,-87.645458414,"(41.83805499, -87.645458414)"
10100681,HY288471,06/05/2015 05:10:00 AM,007XX W 31ST ST,051A,ASSAULT,AGGRAVATED: HANDGUN,CONVENIENCE STORE,false,false,0915,11,04A,1171697,1884328,2015,02/10/2018 03:50:01 PM,41.83805499,-87.645458414,"(41.83805499, -87.645458414)"
10082880,HY271072,05/22/2015 02:00:00 PM,007XX W 31ST ST,0890,THEFT,FROM BUILDING,RESIDENCE,false,false,0915,11,06,1171922,1884333,2015,02/10/2018 03:50:01 PM,41.838063763,-87.644632641,"(41.838063763, -87.644632641)"
10102568,HY291589,06/07/2015 03:00:00 PM,007XX W 31ST ST,0860,THEFT,RETAIL THEFT,DRUG STORE,false,false,0915,11,06,1171697,1884328,2015,02/10/2018 03:50:01 PM,41.83805499,-87.645458414,"(41.83805499, -87.645458414)"
10029806,HY219902,04/13/2015 03:00:00 AM,007XX W 31ST ST,0860,THEFT,RETAIL THEFT,DRUG STORE,true,false,0915,11,06,1171697,1884328,2015,02/10/2018 03:50:01 PM,41.83805499,-87.645458414,"(41.83805499, -87.645458414)"
10032680,HY222506,04/15/2015 03:36:00 AM,007XX W 31ST ST,0860,THEFT,RETAIL THEFT,DRUG STORE,false,false,0915,11,06,1171697,1884328,2015,02/10/2018 03:50:01 PM,41.83805499,-87.645458414,"(41.83805499, -87.645458414)"
10053543,HY242516,04/30/2015 11:47:00 PM,007XX W 31ST ST,0860,THEFT,RETAIL THEFT,DRUG STORE,false,false,0915,11,06,1171697,1884328,2015,02/10/2018 03:50:01 PM,41.83805499,-87.645458414,"(41.83805499, -87.645458414)"
9962607,HY151547,02/14/2015 01:30:00 PM,007XX W 31ST ST,0460,BATTERY,SIMPLE,PARKING LOT/GARAGE(NON.RESID.),true,false,0915,11,08B,1171697,1884328,2015,02/10/2018 03:50:01 PM,41.83805499,-87.645458414,"(41.83805499, -87.645458414)"
10084300,HY273148,05/24/2015 12:01:00 PM,007XX W 31ST ST,0860,THEFT,RETAIL THEFT,GROCERY FOOD STORE,true,false,0915,11,06,1171697,1884328,2015,02/10/2018 03:50:01 PM,41.83805499,-87.645458414,"(41.83805499, -87.645458414)"
10044693,HY233712,04/24/2015 04:20:00 AM,007XX W 31ST ST,0860,THEFT,RETAIL THEFT,CONVENIENCE STORE,false,false,0915,11,06,1171697,1884328,2015,02/10/2018 03:50:01 PM,41.83805499,-87.645458414,"(41.83805499, -87.645458414)"
9939178,HY128071,01/25/2015 11:25:00 AM,007XX W 31ST ST,0860,THEFT,RETAIL THEFT,SMALL RETAIL STORE,true,false,0915,11,06,1171697,1884328,2015,02/10/2018 03:50:01 PM,41.83805499,-87.645458414,"(41.83805499, -87.645458414)"
9954899,HY143391,02/07/2015 10:00:00 AM,007XX W 31ST ST,0890,THEFT,FROM BUILDING,APARTMENT,false,false,0914,11,06,1171697,1884328,2015,02/10/2018 03:50:01 PM,41.83805499,-87.645458414,"(41.83805499, -87.645458414)"
10321135,HY510672,11/22/2015 01:20:00 AM,007XX W 31ST ST,0560,ASSAULT,SIMPLE,RESTAURANT,true,false,0915,11,08A,1171668,1884327,2015,02/10/2018 03:50:01 PM,41.838052883,-87.645564858,"(41.838052883, -87.645564858)"
10331028,HY521684,12/02/2015 05:30:00 AM,007XX W 31ST ST,0820,THEFT,$500 AND UNDER,RESIDENCE,false,false,0914,11,06,1171697,1884328,2015,02/10/2018 03:50:01 PM,41.83805499,-87.645458414,"(41.83805499, -87.645458414)"
10283169,HY471219,10/21/2015 06:43:00 PM,007XX W 31ST ST,4625,OTHER OFFENSE,PAROLE VIOLATION,ALLEY,true,false,0914,11,26,1171692,1884328,2015,02/10/2018 03:50:01 PM,41.8380551,-87.645476761,"(41.8380551, -87.645476761)"
10285898,HY473560,10/19/2015 09:00:00 AM,007XX W 31ST ST,1242,DECEPTIVE PRACTICE,COMPUTER FRAUD,SMALL RETAIL STORE,false,false,0915,11,11,1171697,1884328,2015,02/10/2018 03:50:01 PM,41.83805499,-87.645458414,"(41.83805499, -87.645458414)"
10303466,HY491684,11/05/2015 12:00:00 PM,007XX W 31ST ST,0810,THEFT,OVER $500,APARTMENT,false,false,0914,11,06,1171697,1884328,2015,02/10/2018 03:50:01 PM,41.83805499,-87.645458414,"(41.83805499, -87.645458414)"
10343711,HY534489,12/12/2015 01:40:00 PM,007XX W 31ST ST,0860,THEFT,RETAIL THEFT,DEPARTMENT STORE,false,false,0915,11,06,1171697,1884328,2015,02/10/2018 03:50:01 PM,41.83805499,-87.645458414,"(41.83805499, -87.645458414)"
10269170,HY456618,10/10/2015 08:45:00 AM,007XX W 31ST ST,0860,THEFT,RETAIL THEFT,RESTAURANT,false,false,0915,11,06,1171668,1884327,2015,02/10/2018 03:50:01 PM,41.838052883,-87.645564858,"(41.838052883, -87.645564858)"
10363259,HY554973,12/30/2015 01:00:00 PM,007XX W 31ST ST,0890,THEFT,FROM BUILDING,DRUG STORE,false,false,0915,11,06,1171697,1884328,2015,02/10/2018 03:50:01 PM,41.83805499,-87.645458414,"(41.83805499, -87.645458414)"
10218348,HY404855,08/31/2015 03:10:00 PM,007XX W 31ST ST,0820,THEFT,$500 AND UNDER,RESIDENCE PORCH/HALLWAY,true,false,0915,11,06,1171970,1884335,2015,02/10/2018 03:50:01 PM,41.838068195,-87.644456449,"(41.838068195, -87.644456449)"
10271105,HY459057,10/12/2015 01:10:00 PM,007XX W 31ST ST,0860,THEFT,RETAIL THEFT,DRUG STORE,true,false,0915,11,06,1171697,1884328,2015,10/19/2015 03:58:42 PM,41.83805499,-87.645458414,"(41.83805499, -87.645458414)"
10281403,HY469451,10/20/2015 02:40:00 PM,007XX W 31ST ST,1330,CRIMINAL TRESPASS,TO LAND,SMALL RETAIL STORE,false,false,0915,11,26,1171697,1884328,2015,03/15/2016 03:51:11 PM,41.83805499,-87.645458414,"(41.83805499, -87.645458414)"
10171205,HY359146,07/28/2015 12:55:00 PM,007XX W 31ST ST,0860,THEFT,RETAIL THEFT,SMALL RETAIL STORE,false,false,0915,11,06,1171697,1884328,2015,02/10/2018 03:50:01 PM,41.83805499,-87.645458414,"(41.83805499, -87.645458414)"
10171359,HY359218,07/28/2015 02:15:00 PM,007XX W 31ST ST,0860,THEFT,RETAIL THEFT,DEPARTMENT STORE,false,false,0915,11,06,1171697,1884328,2015,02/10/2018 03:50:01 PM,41.83805499,-87.645458414,"(41.83805499, -87.645458414)"
10561931,HZ305857,06/13/2016 04:00:00 PM,007XX W 31ST ST,0486,BATTERY,DOMESTIC BATTERY SIMPLE,SMALL RETAIL STORE,false,true,0915,11,08B,1171697,1884328,2016,09/07/2021 03:41:02 PM,41.83805499,-87.645458414,"(41.83805499, -87.645458414)"
10602014,HZ353912,07/18/2016 12:25:00 PM,007XX W 31ST ST,0860,THEFT,RETAIL THEFT,DRUG STORE,false,false,0915,11,06,1171697,1884328,2016,02/10/2018 03:50:01 PM,41.83805499,-87.645458414,"(41.83805499, -87.645458414)"
10610977,HZ363895,07/24/2016 10:25:00 AM,007XX W 31ST ST,0860,THEFT,RETAIL THEFT,SMALL RETAIL STORE,false,false,0915,11,06,1171697,1884328,2016,02/10/2018 03:50:01 PM,41.83805499,-87.645458414,"(41.83805499, -87.645458414)"
10491485,HZ232203,04/18/2016 02:00:00 PM,007XX W 31ST ST,0860,THEFT,RETAIL THEFT,SMALL RETAIL STORE,true,false,0915,11,06,1171668,1884327,2016,02/10/2018 03:50:01 PM,41.838052883,-87.645564858,"(41.838052883, -87.645564858)"
10459187,HZ198018,03/23/2016 12:20:00 PM,007XX W 31ST ST,0860,THEFT,RETAIL THEFT,SMALL RETAIL STORE,true,false,0915,11,06,1171697,1884328,2016,02/10/2018 03:50:01 PM,41.83805499,-87.645458414,"(41.83805499, -87.645458414)"
10438345,HZ176738,03/04/2016 02:00:00 PM,007XX W 31ST ST,0890,THEFT,FROM BUILDING,OTHER,false,false,0915,11,06,1171678,1884328,2016,02/10/2018 03:50:01 PM,41.838055408,-87.645528134,"(41.838055408, -87.645528134)"
10610967,HZ363860,07/25/2016 11:45:00 AM,007XX W 31ST ST,0860,THEFT,RETAIL THEFT,SMALL RETAIL STORE,false,false,0915,11,06,1171697,1884328,2016,02/10/2018 03:50:01 PM,41.83805499,-87.645458414,"(41.83805499, -87.645458414)"
10429281,HZ166769,02/22/2016 05:00:00 PM,007XX W 31ST ST,0560,ASSAULT,SIMPLE,SMALL RETAIL STORE,false,false,0915,11,08A,1171697,1884328,2016,02/10/2018 03:50:01 PM,41.83805499,-87.645458414,"(41.83805499, -87.645458414)"
10487539,HZ227626,04/15/2016 10:30:00 AM,007XX W 31ST ST,0890,THEFT,FROM BUILDING,APARTMENT,false,false,0914,11,06,1171697,1884328,2016,02/10/2018 03:50:01 PM,41.83805499,-87.645458414,"(41.83805499, -87.645458414)"
10472049,HZ211273,03/31/2016 03:02:00 AM,007XX W 31ST ST,0820,THEFT,$500 AND UNDER,SMALL RETAIL STORE,true,false,0915,11,06,1171697,1884328,2016,02/10/2018 03:50:01 PM,41.83805499,-87.645458414,"(41.83805499, -87.645458414)"
10590116,HZ340896,07/08/2016 12:00:00 PM,007XX W 31ST ST,0890,THEFT,FROM BUILDING,DRUG STORE,false,false,0915,11,06,1171697,1884328,2016,02/10/2018 03:50:01 PM,41.83805499,-87.645458414,"(41.83805499, -87.645458414)"
10519191,HZ261092,05/11/2016 11:00:00 PM,007XX W 31ST ST,0890,THEFT,FROM BUILDING,APARTMENT,false,false,0914,11,06,1171697,1884328,2016,02/10/2018 03:50:01 PM,41.83805499,-87.645458414,"(41.83805499, -87.645458414)"
10400363,HZ137309,01/30/2016 01:45:00 PM,007XX W 31ST ST,0860,THEFT,RETAIL THEFT,DRUG STORE,false,false,0915,11,06,1171697,1884328,2016,02/10/2018 03:50:01 PM,41.83805499,-87.645458414,"(41.83805499, -87.645458414)"
10458445,HZ197681,03/22/2016 10:00:00 PM,007XX W 31ST ST,0890,THEFT,FROM BUILDING,RESIDENCE,false,false,0914,11,06,1171697,1884328,2016,02/10/2018 03:50:01 PM,41.83805499,-87.645458414,"(41.83805499, -87.645458414)"
10401487,HZ137991,02/02/2016 03:28:00 PM,007XX W 31ST ST,0860,THEFT,RETAIL THEFT,COMMERCIAL / BUSINESS OFFICE,true,false,0915,11,06,1171697,1884328,2016,02/10/2018 03:50:01 PM,41.83805499,-87.645458414,"(41.83805499, -87.645458414)"
10393558,HZ130178,01/27/2016 05:15:00 AM,007XX W 31ST ST,0860,THEFT,RETAIL THEFT,DRUG STORE,false,false,0915,11,06,1171697,1884328,2016,02/10/2018 03:50:01 PM,41.83805499,-87.645458414,"(41.83805499, -87.645458414)"
10436203,HZ173893,03/04/2016 06:20:00 AM,007XX W 31ST ST,1330,CRIMINAL TRESPASS,TO LAND,DRUG STORE,true,false,0915,11,26,1171697,1884328,2016,02/10/2018 03:50:01 PM,41.83805499,-87.645458414,"(41.83805499, -87.645458414)"
10574300,HZ322227,06/24/2016 10:25:00 PM,007XX W 31ST ST,0860,THEFT,RETAIL THEFT,CONVENIENCE STORE,true,false,0915,11,06,1171697,1884328,2016,02/10/2018 03:50:01 PM,41.83805499,-87.645458414,"(41.83805499, -87.645458414)"
10443679,HZ182054,03/10/2016 01:40:00 PM,007XX W 31ST ST,0860,THEFT,RETAIL THEFT,DRUG STORE,false,false,0915,11,06,1171697,1884328,2016,02/10/2018 03:50:01 PM,41.83805499,-87.645458414,"(41.83805499, -87.645458414)"
10492850,HZ233444,04/20/2016 01:10:00 PM,007XX W 31ST ST,0860,THEFT,RETAIL THEFT,SMALL RETAIL STORE,true,false,0915,11,06,1171697,1884328,2016,02/10/2018 03:50:01 PM,41.83805499,-87.645458414,"(41.83805499, -87.645458414)"
10495006,HZ235698,04/21/2016 03:00:00 PM,007XX W 31ST ST,1153,DECEPTIVE PRACTICE,FINANCIAL IDENTITY THEFT OVER $ 300,OTHER,false,false,0915,11,11,1171668,1884327,2016,02/10/2018 03:50:01 PM,41.838052883,-87.645564858,"(41.838052883, -87.645564858)"
10527310,HZ269834,05/18/2016 02:45:00 PM,007XX W 31ST ST,0820,THEFT,$500 AND UNDER,STREET,false,false,0914,11,06,1171692,1884328,2016,02/10/2018 03:50:01 PM,41.8380551,-87.645476761,"(41.8380551, -87.645476761)"
10450715,HZ189777,03/16/2016 02:10:00 PM,007XX W 31ST ST,0560,ASSAULT,SIMPLE,OTHER,false,false,0915,11,08A,1171678,1884328,2016,02/10/2018 03:50:01 PM,41.838055408,-87.645528134,"(41.838055408, -87.645528134)"
10477027,HZ216197,04/06/2016 10:14:00 PM,007XX W 31ST ST,0860,THEFT,RETAIL THEFT,SMALL RETAIL STORE,true,false,0915,11,06,1171697,1884328,2016,02/10/2018 03:50:01 PM,41.83805499,-87.645458414,"(41.83805499, -87.645458414)"
10608598,HZ360919,07/23/2016 11:05:00 AM,007XX W 31ST ST,0860,THEFT,RETAIL THEFT,SMALL RETAIL STORE,false,false,0915,11,06,1171682,1884328,2016,02/10/2018 03:50:01 PM,41.83805532,-87.645513456,"(41.83805532, -87.645513456)"
10682594,HZ435544,09/15/2016 05:10:00 PM,007XX W 31ST ST,0560,ASSAULT,SIMPLE,STREET,false,false,0915,11,08A,1171697,1884328,2016,02/10/2018 03:50:01 PM,41.83805499,-87.645458414,"(41.83805499, -87.645458414)"
10617780,HZ370634,07/30/2016 04:40:00 AM,007XX W 31ST ST,0860,THEFT,RETAIL THEFT,CONVENIENCE STORE,false,false,0915,11,06,1171697,1884328,2016,02/10/2018 03:50:01 PM,41.83805499,-87.645458414,"(41.83805499, -87.645458414)"
10636262,HZ388533,08/12/2016 06:03:00 AM,007XX W 31ST ST,0312,ROBBERY,ARMED:KNIFE/CUTTING INSTRUMENT,DRUG STORE,true,false,0915,11,03,1171697,1884328,2016,02/10/2018 03:50:01 PM,41.83805499,-87.645458414,"(41.83805499, -87.645458414)"
10707978,HZ464717,10/07/2016 10:20:00 AM,007XX W 31ST ST,0320,ROBBERY,STRONGARM - NO WEAPON,SMALL RETAIL STORE,false,false,0915,11,03,1171682,1884328,2016,02/10/2018 03:50:01 PM,41.83805532,-87.645513456,"(41.83805532, -87.645513456)"
10691319,HZ441437,09/20/2016 12:05:00 AM,007XX W 31ST ST,0460,BATTERY,SIMPLE,SIDEWALK,false,false,0914,11,08B,1171993,1884335,2016,02/10/2018 03:50:01 PM,41.838067689,-87.644372052,"(41.838067689, -87.644372052)"
10635554,HZ387759,07/29/2016 03:00:00 PM,007XX W 31ST ST,0860,THEFT,RETAIL THEFT,OTHER,false,false,0915,11,06,1171668,1884327,2016,02/10/2018 03:50:01 PM,41.838052883,-87.645564858,"(41.838052883, -87.645564858)"
10638997,HZ390599,08/13/2016 03:16:00 PM,007XX W 31ST ST,1330,CRIMINAL TRESPASS,TO LAND,SMALL RETAIL STORE,true,false,0915,11,26,1171697,1884328,2016,02/10/2018 03:50:01 PM,41.83805499,-87.645458414,"(41.83805499, -87.645458414)"
10736947,HZ496993,10/31/2016 05:07:00 PM,007XX W 31ST ST,4625,OTHER OFFENSE,PAROLE VIOLATION,SIDEWALK,true,false,0914,11,26,1171721,1884329,2016,02/10/2018 03:50:01 PM,41.838057207,-87.645370318,"(41.838057207, -87.645370318)"
10722231,HZ481038,10/19/2016 06:14:00 PM,007XX W 31ST ST,0560,ASSAULT,SIMPLE,CONVENIENCE STORE,true,false,0915,11,08A,1171697,1884328,2016,02/10/2018 03:50:01 PM,41.83805499,-87.645458414,"(41.83805499, -87.645458414)"
10692589,HZ447110,09/23/2016 10:50:00 PM,007XX W 31ST ST,0860,THEFT,RETAIL THEFT,CONVENIENCE STORE,false,false,0915,11,06,1171697,1884328,2016,02/10/2018 03:50:01 PM,41.83805499,-87.645458414,"(41.83805499, -87.645458414)"
10734468,HZ493983,10/29/2016 01:05:00 PM,007XX W 31ST ST,0460,BATTERY,SIMPLE,PARKING LOT/GARAGE(NON.RESID.),true,false,0915,11,08B,1171668,1884327,2016,02/10/2018 03:50:01 PM,41.838052883,-87.645564858,"(41.838052883, -87.645564858)"
10636590,HZ388760,08/04/2016 07:23:00 AM,007XX W 31ST ST,0312,ROBBERY,ARMED:KNIFE/CUTTING INSTRUMENT,DRUG STORE,true,false,0915,11,03,1171697,1884328,2016,02/10/2018 03:50:01 PM,41.83805499,-87.645458414,"(41.83805499, -87.645458414)"
10661422,HZ412050,08/28/2016 12:00:00 PM,007XX W 31ST ST,1310,CRIMINAL DAMAGE,TO PROPERTY,RESIDENCE,false,false,0914,11,14,1171697,1884328,2016,02/10/2018 03:50:01 PM,41.83805499,-87.645458414,"(41.83805499, -87.645458414)"
10776207,HZ542839,12/07/2016 12:25:00 AM,007XX W 31ST ST,0620,BURGLARY,UNLAWFUL ENTRY,VEHICLE-COMMERCIAL,true,false,0915,11,05,1171668,1884327,2016,02/10/2018 03:50:01 PM,41.838052883,-87.645564858,"(41.838052883, -87.645564858)"
10819115,JA119386,01/17/2017 03:30:00 PM,007XX W 31ST ST,0860,THEFT,RETAIL THEFT,DRUG STORE,false,false,0915,11,06,1171697,1884328,2017,02/10/2018 03:50:01 PM,41.83805499,-87.645458414,"(41.83805499, -87.645458414)"
10636097,HZ388484,08/12/2016 03:30:00 AM,007XX W 31ST ST,0860,THEFT,RETAIL THEFT,GROCERY FOOD STORE,true,false,0915,11,06,1171697,1884328,2016,02/10/2018 03:50:01 PM,41.83805499,-87.645458414,"(41.83805499, -87.645458414)"
10616181,HZ368930,07/28/2016 08:56:00 PM,007XX W 31ST ST,0860,THEFT,RETAIL THEFT,SMALL RETAIL STORE,true,false,0914,11,06,1172041,1884337,2016,02/10/2018 03:50:01 PM,41.83807212,-87.644195859,"(41.83807212, -87.644195859)"
10637203,HZ389460,08/12/2016 12:20:00 PM,007XX W 31ST ST,0860,THEFT,RETAIL THEFT,OTHER,false,false,0915,11,06,1171682,1884328,2016,02/10/2018 03:50:01 PM,41.83805532,-87.645513456,"(41.83805532, -87.645513456)"
10733298,HZ492371,10/27/2016 12:00:00 PM,007XX W 31ST ST,1152,DECEPTIVE PRACTICE,ILLEGAL USE CASH CARD,RESTAURANT,false,false,0915,11,11,1172053,1884337,2016,02/10/2018 03:50:01 PM,41.838071856,-87.644151826,"(41.838071856, -87.644151826)"
10669823,HZ421463,09/05/2016 02:50:00 PM,007XX W 31ST ST,1330,CRIMINAL TRESPASS,TO LAND,PARKING LOT/GARAGE(NON.RESID.),true,false,0915,11,26,1171697,1884328,2016,02/10/2018 03:50:01 PM,41.83805499,-87.645458414,"(41.83805499, -87.645458414)"
10667539,HZ418237,09/02/2016 09:35:00 PM,007XX W 31ST ST,0810,THEFT,OVER $500,CONVENIENCE STORE,false,false,0915,11,06,1171697,1884328,2016,02/10/2018 03:50:01 PM,41.83805499,-87.645458414,"(41.83805499, -87.645458414)"
10741474,HZ501115,11/03/2016 11:00:00 AM,007XX W 31ST ST,0460,BATTERY,SIMPLE,DRUG STORE,false,false,0915,11,08B,1171697,1884328,2016,02/10/2018 03:50:01 PM,41.83805499,-87.645458414,"(41.83805499, -87.645458414)"
10816779,JA116566,01/15/2017 02:36:00 AM,007XX W 31ST ST,0460,BATTERY,SIMPLE,RESTAURANT,false,false,0915,11,08B,1171678,1884328,2017,02/14/2017 03:49:42 PM,41.838055408,-87.645528134,"(41.838055408, -87.645528134)"
10625813,HZ377958,08/04/2016 01:00:00 PM,007XX W 31ST ST,1121,DECEPTIVE PRACTICE,COUNTERFEITING DOCUMENT,SMALL RETAIL STORE,false,false,0914,11,10,1171692,1884328,2016,02/10/2018 03:50:01 PM,41.8380551,-87.645476761,"(41.8380551, -87.645476761)"
10885086,JA194880,12/29/2016 08:05:00 PM,007XX W 31ST ST,1150,DECEPTIVE PRACTICE,CREDIT CARD FRAUD,SMALL RETAIL STORE,false,false,0915,11,11,1171668,1884327,2016,02/10/2018 03:50:01 PM,41.838052883,-87.645564858,"(41.838052883, -87.645564858)"
11016817,JA346625,07/13/2017 04:23:00 PM,007XX W 31ST ST,2023,NARCOTICS,POSS: HEROIN(BRN/TAN),STREET,true,false,0915,11,18,1171721,1884329,2017,02/10/2018 03:50:01 PM,41.838057207,-87.645370318,"(41.838057207, -87.645370318)"
11033120,JA365635,07/25/2017 06:28:00 PM,007XX W 31ST ST,0820,THEFT,$500 AND UNDER,SMALL RETAIL STORE,false,false,0915,11,06,1171697,1884328,2017,02/10/2018 03:50:01 PM,41.83805499,-87.645458414,"(41.83805499, -87.645458414)"
10959357,JA280941,05/27/2017 05:30:00 AM,007XX W 31ST ST,0860,THEFT,RETAIL THEFT,CONVENIENCE STORE,false,false,0915,11,06,1171697,1884328,2017,02/10/2018 03:50:01 PM,41.83805499,-87.645458414,"(41.83805499, -87.645458414)"
10832102,JA133923,01/29/2017 05:00:00 AM,007XX W 31ST ST,1310,CRIMINAL DAMAGE,TO PROPERTY,CONVENIENCE STORE,false,false,0915,11,14,1171682,1884328,2017,02/14/2017 03:49:42 PM,41.83805532,-87.645513456,"(41.83805532, -87.645513456)"
10924455,JA238796,04/23/2017 12:30:00 PM,007XX W 31ST ST,0430,BATTERY,AGGRAVATED: OTHER DANG WEAPON,RESTAURANT,false,false,0914,11,04B,1172053,1884337,2017,02/10/2018 03:50:01 PM,41.838071856,-87.644151826,"(41.838071856, -87.644151826)"
10889062,JA199168,03/24/2017 06:10:00 PM,007XX W 31ST ST,143A,WEAPONS VIOLATION,UNLAWFUL POSS OF HANDGUN,ALLEY,true,false,0914,11,15,1171692,1884328,2017,02/10/2018 03:50:01 PM,41.8380551,-87.645476761,"(41.8380551, -87.645476761)"
10930262,JA243559,04/29/2017 02:07:00 AM,007XX W 31ST ST,0820,THEFT,$500 AND UNDER,RESTAURANT,false,false,0915,11,06,1171668,1884327,2017,02/10/2018 03:50:01 PM,41.838052883,-87.645564858,"(41.838052883, -87.645564858)"
10972787,JA296900,06/06/2017 05:00:00 PM,007XX W 31ST ST,1150,DECEPTIVE PRACTICE,CREDIT CARD FRAUD,RESTAURANT,false,false,0915,11,11,1172053,1884337,2017,02/10/2018 03:50:01 PM,41.838071856,-87.644151826,"(41.838071856, -87.644151826)"
10877965,JA185019,03/13/2017 04:55:00 AM,007XX W 31ST ST,0860,THEFT,RETAIL THEFT,SMALL RETAIL STORE,false,false,0915,11,06,1171697,1884328,2017,02/10/2018 03:50:01 PM,41.83805499,-87.645458414,"(41.83805499, -87.645458414)"
11023878,JA354558,07/19/2017 12:50:00 PM,007XX W 31ST ST,0810,THEFT,OVER $500,RESTAURANT,false,false,0915,11,06,1171668,1884327,2017,02/10/2018 03:50:01 PM,41.838052883,-87.645564858,"(41.838052883, -87.645564858)"
11005363,JA333781,07/02/2017 02:00:00 PM,007XX W 31ST ST,0560,ASSAULT,SIMPLE,SMALL RETAIL STORE,false,false,0915,11,08A,1171697,1884328,2017,02/10/2018 03:50:01 PM,41.83805499,-87.645458414,"(41.83805499, -87.645458414)"
10939522,JA256910,04/30/2017 05:53:00 PM,007XX W 31ST ST,0860,THEFT,RETAIL THEFT,OTHER,false,false,0915,11,06,1171668,1884327,2017,02/10/2018 03:50:01 PM,41.838052883,-87.645564858,"(41.838052883, -87.645564858)"
10893928,JA204654,03/29/2017 11:15:00 AM,007XX W 31ST ST,2820,OTHER OFFENSE,TELEPHONE THREAT,RESTAURANT,false,false,0915,11,26,1172053,1884337,2017,02/10/2018 03:50:01 PM,41.838071856,-87.644151826,"(41.838071856, -87.644151826)"
11118525,JA471235,10/14/2017 03:20:00 PM,007XX W 31ST ST,0820,THEFT,$500 AND UNDER,SMALL RETAIL STORE,false,false,0915,11,06,1171697,1884328,2017,02/10/2018 03:50:01 PM,41.83805499,-87.645458414,"(41.83805499, -87.645458414)"
11177828,JA549487,12/14/2017 07:32:00 PM,007XX W 31ST ST,0560,ASSAULT,SIMPLE,SMALL RETAIL STORE,false,false,0915,11,08A,1171697,1884328,2017,05/04/2018 03:51:04 PM,41.83805499,-87.645458414,"(41.83805499, -87.645458414)"
11131620,JA488424,10/27/2017 04:45:00 PM,007XX W 31ST ST,1210,DECEPTIVE PRACTICE,THEFT OF LABOR/SERVICES,RESTAURANT,false,false,0914,11,11,1172053,1884337,2017,02/10/2018 03:50:01 PM,41.838071856,-87.644151826,"(41.838071856, -87.644151826)"
11063966,JA402387,08/22/2017 11:55:00 PM,007XX W 31ST ST,2093,NARCOTICS,FOUND SUSPECT NARCOTICS,SMALL RETAIL STORE,true,false,0915,11,18,1171721,1884329,2017,02/10/2018 03:50:01 PM,41.838057207,-87.645370318,"(41.838057207, -87.645370318)"
11143197,JA503422,11/07/2017 07:30:00 AM,007XX W 31ST ST,0820,THEFT,$500 AND UNDER,RESTAURANT,false,false,0915,11,06,1171678,1884328,2017,02/10/2018 03:50:01 PM,41.838055408,-87.645528134,"(41.838055408, -87.645528134)"
11186771,JA561630,12/24/2017 10:00:00 AM,007XX W 31ST ST,0890,THEFT,FROM BUILDING,DRUG STORE,false,false,0915,11,06,1171697,1884328,2017,05/04/2018 03:51:04 PM,41.83805499,-87.645458414,"(41.83805499, -87.645458414)"
11097148,JA443652,09/20/2017 02:00:00 PM,007XX W 31ST ST,1155,DECEPTIVE PRACTICE,AGGRAVATED FINANCIAL IDENTITY THEFT,DRUG STORE,false,false,0915,11,11,1171697,1884328,2017,02/10/2018 03:50:01 PM,41.83805499,-87.645458414,"(41.83805499, -87.645458414)"
11190574,JA566885,12/27/2017 07:00:00 PM,007XX W 31ST ST,1150,DECEPTIVE PRACTICE,CREDIT CARD FRAUD,DRUG STORE,false,false,0915,11,11,1171697,1884328,2017,05/04/2018 03:51:04 PM,41.83805499,-87.645458414,"(41.83805499, -87.645458414)"
11185405,JA559625,12/22/2017 01:15:00 AM,007XX W 31ST ST,0460,BATTERY,SIMPLE,STREET,false,false,0915,11,08B,1171697,1884328,2017,05/04/2018 03:51:04 PM,41.83805499,-87.645458414,"(41.83805499, -87.645458414)"
11054263,JA391103,08/14/2017 03:25:00 PM,007XX W 31ST ST,0850,THEFT,ATTEMPT THEFT,DRUG STORE,false,false,0915,11,06,1171697,1884328,2017,02/10/2018 03:50:01 PM,41.83805499,-87.645458414,"(41.83805499, -87.645458414)"
11070195,JA409773,08/28/2017 05:30:00 PM,007XX W 31ST ST,1330,CRIMINAL TRESPASS,TO LAND,RESTAURANT,true,false,0915,11,26,1172053,1884337,2017,02/10/2018 03:50:01 PM,41.838071856,-87.644151826,"(41.838071856, -87.644151826)"
11167557,JA535632,12/04/2017 02:30:00 AM,007XX W 31ST ST,0325,ROBBERY,VEHICULAR HIJACKING,PARKING LOT/GARAGE(NON.RESID.),false,false,0915,11,03,1171702,1884328,2017,02/10/2018 03:50:01 PM,41.83805488,-87.645440067,"(41.83805488, -87.645440067)"
11041137,JA375636,08/03/2017 02:12:00 PM,007XX W 31ST ST,1330,CRIMINAL TRESPASS,TO LAND,GROCERY FOOD STORE,true,false,0915,11,26,1171697,1884328,2017,02/10/2018 03:50:01 PM,41.83805499,-87.645458414,"(41.83805499, -87.645458414)"
11354541,JB315822,06/20/2018 08:55:00 PM,007XX W 31ST ST,0545,ASSAULT,PRO EMP HANDS NO/MIN INJURY,DEPARTMENT STORE,true,false,0915,11,08A,1171697,1884328,2018,06/27/2018 04:15:34 PM,41.83805499,-87.645458414,"(41.83805499, -87.645458414)"
11376759,JB345274,05/12/2018 09:00:00 AM,007XX W 31ST ST,1150,DECEPTIVE PRACTICE,CREDIT CARD FRAUD,DRUG STORE,false,false,0915,11,11,1171697,1884328,2018,08/10/2018 04:04:01 PM,41.83805499,-87.645458414,"(41.83805499, -87.645458414)"
11344615,JB301753,06/08/2018 08:00:00 PM,007XX W 31ST ST,0870,THEFT,POCKET-PICKING,PARK PROPERTY,false,false,0914,11,06,1171911,1884333,2018,06/15/2018 04:08:10 PM,41.838064005,-87.644673005,"(41.838064005, -87.644673005)"
11406770,JB383940,08/07/2018 09:00:00 PM,007XX W 31ST ST,0820,THEFT,$500 AND UNDER,ALLEY,false,false,0915,11,06,1171934,1884334,2018,08/14/2018 04:06:48 PM,41.838066243,-87.644588578,"(41.838066243, -87.644588578)"
11398602,JB373646,07/29/2018 11:00:00 PM,007XX W 31ST ST,0620,BURGLARY,UNLAWFUL ENTRY,RESIDENCE,false,false,0914,11,05,1171697,1884328,2018,08/05/2018 03:55:07 PM,41.83805499,-87.645458414,"(41.83805499, -87.645458414)"
11297037,JB239596,04/26/2018 10:53:00 PM,007XX W 31ST ST,0860,THEFT,RETAIL THEFT,RESTAURANT,false,false,0915,11,06,1171668,1884327,2018,05/04/2018 03:51:04 PM,41.838052883,-87.645564858,"(41.838052883, -87.645564858)"
11298691,JB240713,04/27/2018 04:20:00 PM,007XX W 31ST ST,5002,OTHER OFFENSE,OTHER VEHICLE OFFENSE,PARKING LOT/GARAGE(NON.RESID.),false,true,0915,11,26,1171678,1884328,2018,05/04/2018 03:59:15 PM,41.838055408,-87.645528134,"(41.838055408, -87.645528134)"
11338643,JB294895,06/06/2018 01:18:00 AM,007XX W 31ST ST,0860,THEFT,RETAIL THEFT,CONVENIENCE STORE,true,false,0915,11,06,1171697,1884328,2018,06/13/2018 04:15:47 PM,41.83805499,-87.645458414,"(41.83805499, -87.645458414)"
11225422,JB144398,12/03/2017 05:42:00 PM,007XX W 31ST ST,0810,THEFT,OVER $500,SMALL RETAIL STORE,true,false,0915,11,06,,,2017,02/08/2018 03:51:54 PM,,,
11285258,JB223608,04/14/2018 11:50:00 AM,007XX W 31ST ST,0860,THEFT,RETAIL THEFT,CONVENIENCE STORE,false,false,0915,11,06,1171697,1884328,2018,05/04/2018 03:51:04 PM,41.83805499,-87.645458414,"(41.83805499, -87.645458414)"
11320823,JB269859,05/19/2018 07:00:00 AM,007XX W 31ST ST,1152,DECEPTIVE PRACTICE,ILLEGAL USE CASH CARD,OTHER,false,false,0915,11,11,1171697,1884328,2018,05/30/2018 03:49:34 PM,41.83805499,-87.645458414,"(41.83805499, -87.645458414)"
11355738,JB317422,06/22/2018 07:30:00 AM,007XX W 31ST ST,0560,ASSAULT,SIMPLE,SMALL RETAIL STORE,false,false,0915,11,08A,1171697,1884328,2018,06/29/2018 03:54:08 PM,41.83805499,-87.645458414,"(41.83805499, -87.645458414)"
11310247,JB256870,05/08/2018 07:24:00 PM,007XX W 31ST ST,1121,DECEPTIVE PRACTICE,COUNTERFEITING DOCUMENT,DEPARTMENT STORE,false,false,0915,11,10,1171668,1884327,2018,05/15/2018 03:55:49 PM,41.838052883,-87.645564858,"(41.838052883, -87.645564858)"
11332842,JB286693,05/30/2018 11:00:00 PM,007XX W 31ST ST,0820,THEFT,$500 AND UNDER,PARKING LOT/GARAGE(NON.RESID.),false,false,0915,11,06,1171922,1884333,2018,06/06/2018 03:54:13 PM,41.838063763,-87.644632641,"(41.838063763, -87.644632641)"
11280144,JB217185,04/06/2018 12:00:00 PM,007XX W 31ST ST,1150,DECEPTIVE PRACTICE,CREDIT CARD FRAUD,RESIDENCE PORCH/HALLWAY,false,false,0915,11,11,1171946,1884334,2018,05/04/2018 03:51:04 PM,41.838065979,-87.644544545,"(41.838065979, -87.644544545)"
11228192,JB148435,02/11/2018 03:40:00 PM,007XX W 31ST ST,0340,ROBBERY,ATTEMPT: STRONGARM-NO WEAPON,SIDEWALK,true,false,0914,11,03,1171982,1884335,2018,05/04/2018 03:51:04 PM,41.838067931,-87.644412415,"(41.838067931, -87.644412415)"
11340190,JB296637,06/06/2018 10:00:00 PM,007XX W 31ST ST,1320,CRIMINAL DAMAGE,TO VEHICLE,STREET,false,false,0914,11,14,1171982,1884335,2018,06/13/2018 04:15:47 PM,41.838067931,-87.644412415,"(41.838067931, -87.644412415)"
11310752,JB257619,05/10/2018 08:29:00 AM,007XX W 31ST ST,0860,THEFT,RETAIL THEFT,SMALL RETAIL STORE,true,false,0915,11,06,1171697,1884328,2018,05/17/2018 03:53:33 PM,41.83805499,-87.645458414,"(41.83805499, -87.645458414)"
11489346,JB492322,10/24/2018 11:00:00 AM,007XX W 31ST ST,0910,MOTOR VEHICLE THEFT,AUTOMOBILE,STREET,false,false,0915,11,07,1171697,1884328,2018,10/31/2018 04:17:26 PM,41.83805499,-87.645458414,"(41.83805499, -87.645458414)"
11500982,JB507379,11/07/2018 03:30:00 PM,007XX W 31ST ST,0460,BATTERY,SIMPLE,CONVENIENCE STORE,false,false,0915,11,08B,1171697,1884328,2018,11/14/2018 04:11:48 PM,41.83805499,-87.645458414,"(41.83805499, -87.645458414)"
11562442,JC111579,01/09/2019 11:23:00 AM,007XX W 31ST ST,1320,CRIMINAL DAMAGE,TO VEHICLE,PARKING LOT/GARAGE(NON.RESID.),false,false,0915,11,14,1171721,1884329,2019,01/18/2019 09:37:14 AM,41.838057207,-87.645370318,"(41.838057207, -87.645370318)"
11578178,JC130534,01/26/2019 02:42:00 PM,007XX W 31ST ST,0860,THEFT,RETAIL THEFT,DRUG STORE,false,false,0915,11,06,1171697,1884328,2019,02/02/2019 04:07:45 PM,41.83805499,-87.645458414,"(41.83805499, -87.645458414)"
11543152,JB563092,12/21/2018 08:46:00 PM,007XX W 31ST ST,1330,CRIMINAL TRESPASS,TO LAND,RESTAURANT,true,false,0915,11,26,1171678,1884328,2018,12/28/2018 04:13:27 PM,41.838055408,-87.645528134,"(41.838055408, -87.645528134)"
11417315,JB397689,08/17/2018 05:36:00 PM,007XX W 31ST ST,0860,THEFT,RETAIL THEFT,CONVENIENCE STORE,true,false,0915,11,06,1171697,1884328,2018,08/24/2018 04:12:03 PM,41.83805499,-87.645458414,"(41.83805499, -87.645458414)"
11490514,JB493725,10/28/2018 02:45:00 PM,007XX W 31ST ST,0520,ASSAULT,AGGRAVATED:KNIFE/CUTTING INSTR,SMALL RETAIL STORE,false,false,0915,11,04A,1171697,1884328,2018,11/04/2018 04:14:17 PM,41.83805499,-87.645458414,"(41.83805499, -87.645458414)"
11570987,JC121701,01/02/2019 05:32:00 PM,007XX W 31ST ST,1150,DECEPTIVE PRACTICE,CREDIT CARD FRAUD,OTHER,false,false,0915,11,11,1171668,1884327,2019,01/23/2019 04:13:37 PM,41.838052883,-87.645564858,"(41.838052883, -87.645564858)"
11415117,JB395096,08/15/2018 05:30:00 PM,007XX W 31ST ST,0810,THEFT,OVER $500,PARKING LOT/GARAGE(NON.RESID.),false,false,0915,11,06,1171668,1884327,2018,08/22/2018 04:19:05 PM,41.838052883,-87.645564858,"(41.838052883, -87.645564858)"
11474097,JB472225,10/11/2018 02:00:00 PM,007XX W 31ST ST,0460,BATTERY,SIMPLE,PARKING LOT/GARAGE(NON.RESID.),false,false,0915,11,08B,1171678,1884328,2018,10/18/2018 04:27:18 PM,41.838055408,-87.645528134,"(41.838055408, -87.645528134)"
11573543,JC125014,01/21/2019 11:56:00 PM,007XX W 31ST ST,0560,ASSAULT,SIMPLE,OTHER,false,true,0915,11,08A,1171697,1884328,2019,09/07/2021 03:41:02 PM,41.83805499,-87.645458414,"(41.83805499, -87.645458414)"
11460035,JB453141,09/27/2018 12:30:00 PM,007XX W 31ST ST,1130,DECEPTIVE PRACTICE,FRAUD OR CONFIDENCE GAME,GROCERY FOOD STORE,false,false,0915,11,11,1171697,1884328,2018,10/04/2018 04:18:00 PM,41.83805499,-87.645458414,"(41.83805499, -87.645458414)"
11560576,JC109421,01/08/2019 01:15:00 PM,007XX W 31ST ST,0820,THEFT,$500 AND UNDER,SMALL RETAIL STORE,false,false,0915,11,06,1171668,1884327,2019,01/18/2019 09:37:14 AM,41.838052883,-87.645564858,"(41.838052883, -87.645564858)"
11493843,JB497093,10/30/2018 09:45:00 PM,007XX W 31ST ST,0820,THEFT,$500 AND UNDER,STREET,false,false,0915,11,06,1172053,1884337,2018,11/06/2018 04:22:57 PM,41.838071856,-87.644151826,"(41.838071856, -87.644151826)"
11475740,JB469424,10/09/2018 10:34:00 PM,007XX W 31ST ST,0460,BATTERY,SIMPLE,CONVENIENCE STORE,true,false,0915,11,08B,1171697,1884328,2018,01/17/2019 02:26:36 PM,41.83805499,-87.645458414,"(41.83805499, -87.645458414)"
11444373,JB432740,09/11/2018 09:30:00 PM,007XX W 31ST ST,0479,BATTERY,AGG: HANDS/FIST/FEET SERIOUS INJURY,RESTAURANT,false,false,0915,11,04B,1171678,1884328,2018,09/18/2018 04:08:02 PM,41.838055408,-87.645528134,"(41.838055408, -87.645528134)"
11553697,JC101266,01/01/2019 11:30:00 PM,007XX W 31ST ST,0560,ASSAULT,SIMPLE,SIDEWALK,true,false,0915,11,08A,1171697,1884328,2019,01/10/2019 03:16:50 PM,41.83805499,-87.645458414,"(41.83805499, -87.645458414)"
11573245,JC124735,01/21/2019 05:10:00 PM,007XX W 31ST ST,0460,BATTERY,SIMPLE,DRUG STORE,false,false,0915,11,08B,1171697,1884328,2019,01/28/2019 04:14:23 PM,41.83805499,-87.645458414,"(41.83805499, -87.645458414)"
11678642,JC252844,05/06/2019 08:00:00 PM,007XX W 31ST ST,0820,THEFT,$500 AND UNDER,OTHER,false,false,0915,11,06,1171678,1884328,2019,05/13/2019 04:13:25 PM,41.838055408,-87.645528134,"(41.838055408, -87.645528134)"
11678556,JC252637,05/06/2019 07:08:00 PM,007XX W 31ST ST,1210,DECEPTIVE PRACTICE,THEFT OF LABOR/SERVICES,RESTAURANT,false,false,0914,11,11,1171692,1884328,2019,05/13/2019 04:13:25 PM,41.8380551,-87.645476761,"(41.8380551, -87.645476761)"
11741702,JC329493,07/01/2019 12:31:00 AM,007XX W 31ST ST,041A,BATTERY,AGGRAVATED: HANDGUN,GAS STATION,true,false,0915,11,04B,1172053,1884337,2019,10/04/2019 03:39:25 PM,41.838071856,-87.644151826,"(41.838071856, -87.644151826)"
11791240,JC388855,08/12/2019 01:30:00 AM,007XX W 31ST ST,0530,ASSAULT,AGGRAVATED: OTHER DANG WEAPON,PARKING LOT/GARAGE(NON.RESID.),false,false,0915,11,04A,1171697,1884328,2019,08/19/2019 03:53:06 PM,41.83805499,-87.645458414,"(41.83805499, -87.645458414)"
11635583,JC200864,03/26/2019 08:20:00 AM,007XX W 31ST ST,0820,THEFT,$500 AND UNDER,RESTAURANT,false,false,0914,11,06,1172053,1884337,2019,04/02/2019 04:10:50 PM,41.838071856,-87.644151826,"(41.838071856, -87.644151826)"
11683040,JC258174,05/10/2019 05:35:00 PM,007XX W 31ST ST,1330,CRIMINAL TRESPASS,TO LAND,PARKING LOT/GARAGE(NON.RESID.),true,false,0915,11,26,1171697,1884328,2019,05/17/2019 04:08:03 PM,41.83805499,-87.645458414,"(41.83805499, -87.645458414)"
11787889,JC384809,08/08/2019 11:38:00 PM,007XX W 31ST ST,0560,ASSAULT,SIMPLE,CONVENIENCE STORE,true,false,0915,11,08A,1171697,1884328,2019,08/15/2019 03:45:14 PM,41.83805499,-87.645458414,"(41.83805499, -87.645458414)"
11758245,JC349233,07/14/2019 09:00:00 PM,007XX W 31ST ST,0560,ASSAULT,SIMPLE,CONVENIENCE STORE,false,false,0915,11,08A,1171697,1884328,2019,07/21/2019 03:44:14 PM,41.83805499,-87.645458414,"(41.83805499, -87.645458414)"
11694922,JC272450,05/21/2019 03:30:00 PM,007XX W 31ST ST,0560,ASSAULT,SIMPLE,DRUG STORE,true,false,0915,11,08A,1171697,1884328,2019,06/30/2019 03:41:21 PM,41.83805499,-87.645458414,"(41.83805499, -87.645458414)"
11689648,JC266196,05/16/2019 10:57:00 PM,007XX W 31ST ST,1330,CRIMINAL TRESPASS,TO LAND,SMALL RETAIL STORE,true,false,0914,11,26,1171556,1884325,2019,05/24/2019 03:44:10 PM,41.838049855,-87.645975895,"(41.838049855, -87.645975895)"
11739044,JC326155,06/28/2019 05:44:00 PM,007XX W 31ST ST,0495,BATTERY,AGGRAVATED OF A SENIOR CITIZEN,PARKING LOT/GARAGE(NON.RESID.),true,false,0915,11,04B,1171682,1884328,2019,07/10/2019 03:43:12 PM,41.83805532,-87.645513456,"(41.83805532, -87.645513456)"
11668384,JC240238,04/26/2019 10:30:00 PM,007XX W 31ST ST,1121,DECEPTIVE PRACTICE,COUNTERFEITING DOCUMENT,DRUG STORE,false,false,0915,11,10,1171697,1884328,2019,05/03/2019 04:14:46 PM,41.83805499,-87.645458414,"(41.83805499, -87.645458414)"
11600462,JC158173,02/19/2019 11:00:00 AM,007XX W 31ST ST,0860,THEFT,RETAIL THEFT,SMALL RETAIL STORE,false,false,0915,11,06,1171697,1884328,2019,02/26/2019 04:14:42 PM,41.83805499,-87.645458414,"(41.83805499, -87.645458414)"
11723441,JC307153,06/15/2019 04:30:00 AM,007XX W 31ST ST,0860,THEFT,RETAIL THEFT,SMALL RETAIL STORE,true,false,0915,11,06,1171697,1884328,2019,06/30/2019 03:41:21 PM,41.83805499,-87.645458414,"(41.83805499, -87.645458414)"
11684303,JC259731,05/12/2019 02:42:00 AM,007XX W 31ST ST,0460,BATTERY,SIMPLE,PARKING LOT/GARAGE(NON.RESID.),false,false,0915,11,08B,1171697,1884328,2019,05/19/2019 04:04:45 PM,41.83805499,-87.645458414,"(41.83805499, -87.645458414)"
11734281,JC320177,06/17/2019 08:00:00 AM,007XX W 31ST ST,0810,THEFT,OVER $500,RESIDENCE,false,false,0915,11,06,1171922,1884333,2019,06/30/2019 03:41:21 PM,41.838063763,-87.644632641,"(41.838063763, -87.644632641)"
11665727,JC237083,04/18/2019 12:00:00 AM,007XX W 31ST ST,1150,DECEPTIVE PRACTICE,CREDIT CARD FRAUD,RESTAURANT,false,false,0915,11,11,1172053,1884337,2019,04/27/2019 03:59:03 PM,41.838071856,-87.644151826,"(41.838071856, -87.644151826)"
11715695,JC297743,06/08/2019 03:15:00 PM,007XX W 31ST ST,0560,ASSAULT,SIMPLE,RESTAURANT,false,false,0915,11,08A,1171668,1884327,2019,06/30/2019 03:41:21 PM,41.838052883,-87.645564858,"(41.838052883, -87.645564858)"
11638185,JC203629,03/29/2019 01:26:00 AM,007XX W 31ST ST,0560,ASSAULT,SIMPLE,GROCERY FOOD STORE,false,false,0915,11,08A,1171697,1884328,2019,04/05/2019 04:07:16 PM,41.83805499,-87.645458414,"(41.83805499, -87.645458414)"
11626984,JC190348,03/18/2019 02:20:00 PM,007XX W 31ST ST,0810,THEFT,OVER $500,OTHER,false,false,0915,11,06,1171697,1884328,2019,03/25/2019 04:13:00 PM,41.83805499,-87.645458414,"(41.83805499, -87.645458414)"
11689259,JC265775,05/16/2019 05:20:00 PM,007XX W 31ST ST,0890,THEFT,FROM BUILDING,RESTAURANT,false,false,0915,11,06,1171668,1884327,2019,05/24/2019 03:44:10 PM,41.838052883,-87.645564858,"(41.838052883, -87.645564858)"
11899881,JC519841,11/22/2019 04:00:00 AM,007XX W 31ST ST,2820,OTHER OFFENSE,TELEPHONE THREAT,DRUG STORE,false,false,0915,11,08A,1171697,1884328,2019,11/29/2019 03:41:49 PM,41.83805499,-87.645458414,"(41.83805499, -87.645458414)"
11993441,JD166555,02/27/2020 10:05:00 AM,007XX W 31ST ST,0560,ASSAULT,SIMPLE,STREET,false,false,0914,11,08A,1171721,1884329,2020,03/06/2020 03:43:48 PM,41.838057207,-87.645370318,"(41.838057207, -87.645370318)"
11837324,JC444196,09/22/2019 05:00:00 PM,007XX W 31ST ST,0560,ASSAULT,SIMPLE,DRUG STORE,true,false,0915,11,08A,1171697,1884328,2019,10/11/2019 03:40:11 PM,41.83805499,-87.645458414,"(41.83805499, -87.645458414)"
11812130,JC412974,08/27/2019 01:00:00 PM,007XX W 31ST ST,0820,THEFT,$500 AND UNDER,APARTMENT,false,false,0915,11,06,1171946,1884334,2019,09/04/2019 03:39:41 PM,41.838065979,-87.644544545,"(41.838065979, -87.644544545)"
11969134,JD136908,02/01/2020 11:23:00 PM,007XX W 31ST ST,0460,BATTERY,SIMPLE,CONVENIENCE STORE,true,false,0915,11,08B,1171697,1884328,2020,02/08/2020 03:42:00 PM,41.83805499,-87.645458414,"(41.83805499, -87.645458414)"
11915914,JC539888,12/09/2019 01:23:00 AM,007XX W 31ST ST,0560,ASSAULT,SIMPLE,DRUG STORE,true,false,0915,11,08A,1171697,1884328,2019,12/16/2019 03:40:25 PM,41.83805499,-87.645458414,"(41.83805499, -87.645458414)"
11877519,JC492871,10/31/2019 04:20:00 AM,007XX W 31ST ST,1305,CRIMINAL DAMAGE,CRIMINAL DEFACEMENT,PARKING LOT/GARAGE(NON.RESID.),true,false,0915,11,14,1171697,1884328,2019,11/07/2019 03:42:24 PM,41.83805499,-87.645458414,"(41.83805499, -87.645458414)"
11818897,JC421920,09/06/2019 01:45:00 AM,007XX W 31ST ST,0938,MOTOR VEHICLE THEFT,"THEFT/RECOVERY: CYCLE, SCOOTER, BIKE NO VIN",PARKING LOT/GARAGE(NON.RESID.),false,false,0915,11,07,1171697,1884328,2019,09/13/2019 03:40:19 PM,41.83805499,-87.645458414,"(41.83805499, -87.645458414)"
11822985,JC426920,09/09/2019 11:02:00 PM,007XX W 31ST ST,0860,THEFT,RETAIL THEFT,DRUG STORE,true,false,0915,11,06,1171697,1884328,2019,09/16/2019 03:45:19 PM,41.83805499,-87.645458414,"(41.83805499, -87.645458414)"
11989413,JD161832,02/23/2020 06:50:00 AM,007XX W 31ST ST,0860,THEFT,RETAIL THEFT,SMALL RETAIL STORE,true,false,0915,11,06,1171697,1884328,2020,03/01/2020 03:41:53 PM,41.83805499,-87.645458414,"(41.83805499, -87.645458414)"
11895742,JC515822,11/18/2019 10:25:00 PM,007XX W 31ST ST,0460,BATTERY,SIMPLE,SIDEWALK,false,false,0914,11,08B,1171678,1884328,2019,11/25/2019 03:42:00 PM,41.838055408,-87.645528134,"(41.838055408, -87.645528134)"
11810636,JC412121,08/29/2019 02:00:00 PM,007XX W 31ST ST,0820,THEFT,$500 AND UNDER,RESIDENCE PORCH/HALLWAY,false,false,0915,11,06,1171946,1884334,2019,09/05/2019 03:40:52 PM,41.838065979,-87.644544545,"(41.838065979, -87.644544545)"
11915399,JC539283,12/08/2019 01:20:00 PM,007XX W 31ST ST,1330,CRIMINAL TRESPASS,TO LAND,PARKING LOT/GARAGE(NON.RESID.),true,false,0915,11,26,1171697,1884328,2019,12/15/2019 03:40:53 PM,41.83805499,-87.645458414,"(41.83805499, -87.645458414)"
11918765,JC539534,12/08/2019 05:00:00 PM,007XX W 31ST ST,0820,THEFT,$500 AND UNDER,STREET,false,false,0914,11,06,1171716,1884329,2019,12/15/2019 03:40:53 PM,41.838057317,-87.645388665,"(41.838057317, -87.645388665)"
11954960,JD119175,11/01/2019 04:00:00 PM,007XX W 31ST ST,0810,THEFT,OVER $500,RESTAURANT,true,false,0915,11,06,1172053,1884337,2019,04/05/2020 03:40:09 PM,41.838071856,-87.644151826,"(41.838071856, -87.644151826)"
11918706,JC542410,12/10/2019 09:45:00 PM,007XX W 31ST ST,1310,CRIMINAL DAMAGE,TO PROPERTY,CONVENIENCE STORE,false,false,0915,11,14,1171697,1884328,2019,12/17/2019 03:40:38 PM,41.83805499,-87.645458414,"(41.83805499, -87.645458414)"
11847007,JC455918,07/03/2019 09:00:00 AM,007XX W 31ST ST,1150,DECEPTIVE PRACTICE,CREDIT CARD FRAUD,OTHER,false,false,0915,11,11,1171697,1884328,2019,10/04/2019 03:39:25 PM,41.83805499,-87.645458414,"(41.83805499, -87.645458414)"
11994174,JD167506,02/28/2020 04:06:00 AM,007XX W 31ST ST,5002,OTHER OFFENSE,OTHER VEHICLE OFFENSE,STREET,true,false,0914,11,26,1171887,1884332,2020,03/06/2020 03:43:48 PM,41.838061789,-87.644761101,"(41.838061789, -87.644761101)"
11818474,JC421476,09/05/2019 07:50:00 AM,007XX W 31ST ST,1310,CRIMINAL DAMAGE,TO PROPERTY,OTHER,false,false,0915,11,14,1172029,1884336,2019,09/12/2019 03:41:38 PM,41.83806964,-87.644239922,"(41.83806964, -87.644239922)"
11805281,JC405827,08/15/2019 12:00:00 PM,007XX W 31ST ST,0820,THEFT,$500 AND UNDER,RESIDENCE PORCH/HALLWAY,false,false,0914,11,06,1171697,1884328,2019,08/28/2019 03:41:03 PM,41.83805499,-87.645458414,"(41.83805499, -87.645458414)"
11845102,JC453706,09/30/2019 12:46:00 AM,007XX W 31ST ST,0860,THEFT,RETAIL THEFT,DRUG STORE,true,false,0915,11,06,1171697,1884328,2019,10/08/2019 03:40:43 PM,41.83805499,-87.645458414,"(41.83805499, -87.645458414)"
11968818,JD136516,02/01/2020 03:25:00 PM,007XX W 31ST ST,0860,THEFT,RETAIL THEFT,SMALL RETAIL STORE,false,false,0915,11,06,1171668,1884327,2020,02/08/2020 03:42:00 PM,41.838052883,-87.645564858,"(41.838052883, -87.645564858)"
11798834,JC398111,08/18/2019 10:37:00 PM,007XX W 31ST ST,0560,ASSAULT,SIMPLE,CONVENIENCE STORE,true,false,0915,11,08A,1171707,1884328,2019,08/25/2019 03:42:06 PM,41.83805477,-87.64542172,"(41.83805477, -87.64542172)"
12125997,JD320976,08/04/2020 07:00:00 PM,007XX W 31ST ST,1792,KIDNAPPING,CHILD ABDUCTION / STRANGER,SMALL RETAIL STORE,false,false,0915,11,26,1171697,1884328,2020,08/11/2020 03:42:53 PM,41.83805499,-87.645458414,"(41.83805499, -87.645458414)"
12108119,JD299988,07/16/2020 11:35:00 PM,007XX W 31ST ST,0560,ASSAULT,SIMPLE,PARKING LOT / GARAGE (NON RESIDENTIAL),true,false,0915,11,08A,1171678,1884328,2020,07/23/2020 03:42:06 PM,41.838055408,-87.645528134,"(41.838055408, -87.645528134)"
12005482,JD181367,03/10/2020 03:45:00 PM,007XX W 31ST ST,0860,THEFT,RETAIL THEFT,DRUG STORE,true,false,0915,11,06,1171697,1884328,2020,03/17/2020 03:41:47 PM,41.83805499,-87.645458414,"(41.83805499, -87.645458414)"
12199532,JD406507,10/21/2020 04:30:00 PM,007XX W 31ST ST,1185,DECEPTIVE PRACTICE,DECEPTIVE COLLECTION PRACTICES,CONVENIENCE STORE,false,false,0915,11,11,1171697,1884328,2020,12/17/2020 03:40:05 PM,41.83805499,-87.645458414,"(41.83805499, -87.645458414)"
12100470,JD290922,07/08/2020 08:45:00 PM,007XX W 31ST ST,0545,ASSAULT,"PROTECTED EMPLOYEE - HANDS, FISTS, FEET, NO / MINOR INJURY",SMALL RETAIL STORE,true,false,0915,11,08A,1171697,1884328,2020,07/15/2020 03:41:31 PM,41.83805499,-87.645458414,"(41.83805499, -87.645458414)"
12035802,JD215401,04/22/2020 12:45:00 PM,007XX W 31ST ST,0530,ASSAULT,AGGRAVATED - OTHER DANGEROUS WEAPON,DRUG STORE,false,false,0915,11,04A,1171697,1884328,2020,04/29/2020 03:41:48 PM,41.83805499,-87.645458414,"(41.83805499, -87.645458414)"
12052539,JD233736,05/16/2020 02:16:00 AM,007XX W 31ST ST,051B,ASSAULT,AGGRAVATED - OTHER FIREARM,STREET,false,false,0914,11,04A,1171982,1884335,2020,05/23/2020 03:41:31 PM,41.838067931,-87.644412415,"(41.838067931, -87.644412415)"
12146503,JD344883,08/25/2020 04:00:00 PM,007XX W 31ST ST,0460,BATTERY,SIMPLE,SMALL RETAIL STORE,true,false,0915,11,08B,1171721,1884329,2020,09/01/2020 03:41:42 PM,41.838057207,-87.645370318,"(41.838057207, -87.645370318)"
12105335,JD296640,07/14/2020 01:07:00 AM,007XX W 31ST ST,2028,NARCOTICS,POSSESS - SYNTHETIC DRUGS,PARKING LOT / GARAGE (NON RESIDENTIAL),true,false,0915,11,18,1171668,1884327,2020,07/21/2020 03:43:27 PM,41.838052883,-87.645564858,"(41.838052883, -87.645564858)"
12130939,JD326598,08/09/2020 01:30:00 PM,007XX W 31ST ST,1242,DECEPTIVE PRACTICE,COMPUTER FRAUD,OTHER (SPECIFY),false,false,0915,11,11,1171697,1884328,2020,08/16/2020 03:41:29 PM,41.83805499,-87.645458414,"(41.83805499, -87.645458414)"
12048501,JD229920,05/08/2020 04:20:00 PM,007XX W 31ST ST,0545,ASSAULT,"PROTECTED EMPLOYEE - HANDS, FISTS, FEET, NO / MINOR INJURY",SMALL RETAIL STORE,false,false,0915,11,08A,1171697,1884328,2020,05/15/2020 03:41:37 PM,41.83805499,-87.645458414,"(41.83805499, -87.645458414)"
12003508,JD179081,03/09/2020 02:00:00 AM,007XX W 31ST ST,0486,BATTERY,DOMESTIC BATTERY SIMPLE,APARTMENT,true,true,0914,11,08B,1171702,1884328,2020,03/16/2020 03:42:06 PM,41.83805488,-87.645440067,"(41.83805488, -87.645440067)"
12136910,JD333869,08/15/2020 09:47:00 PM,007XX W 31ST ST,0860,THEFT,RETAIL THEFT,GROCERY FOOD STORE,true,false,0915,11,06,1171697,1884328,2020,08/22/2020 04:17:17 PM,41.83805499,-87.645458414,"(41.83805499, -87.645458414)"
12016094,JD193349,03/20/2020 05:00:00 AM,007XX W 31ST ST,0460,BATTERY,SIMPLE,GROCERY FOOD STORE,false,false,0915,11,08B,1171697,1884328,2020,03/27/2020 03:42:46 PM,41.83805499,-87.645458414,"(41.83805499, -87.645458414)"
12002334,JD177527,03/07/2020 04:05:00 PM,007XX W 31ST ST,0560,ASSAULT,SIMPLE,SMALL RETAIL STORE,false,false,0915,11,08A,1171668,1884327,2020,03/14/2020 04:44:12 PM,41.838052883,-87.645564858,"(41.838052883, -87.645564858)"
12066731,JD250077,06/01/2020 04:35:00 PM,007XX W 31ST ST,0610,BURGLARY,FORCIBLE ENTRY,SMALL RETAIL STORE,false,false,0914,11,05,1172041,1884337,2020,06/08/2020 03:42:41 PM,41.83807212,-87.644195859,"(41.83807212, -87.644195859)"
12161268,JD362183,09/08/2020 08:30:00 PM,007XX W 31ST ST,0560,ASSAULT,SIMPLE,GROCERY FOOD STORE,false,false,0915,11,08A,1171697,1884328,2020,09/15/2020 03:43:05 PM,41.83805499,-87.645458414,"(41.83805499, -87.645458414)"
12070348,JD255252,06/06/2020 01:15:00 AM,007XX W 31ST ST,1477,WEAPONS VIOLATION,RECKLESS FIREARM DISCHARGE,PARKING LOT / GARAGE (NON RESIDENTIAL),false,false,0915,11,15,1171678,1884328,2020,06/13/2020 03:42:03 PM,41.838055408,-87.645528134,"(41.838055408, -87.645528134)"
12082534,JD269268,07/25/2019 12:00:00 PM,007XX W 31ST ST,1153,DECEPTIVE PRACTICE,FINANCIAL IDENTITY THEFT OVER $ 300,SMALL RETAIL STORE,false,false,0915,11,11,1171682,1884328,2019,06/24/2020 03:40:28 PM,41.83805532,-87.645513456,"(41.83805532, -87.645513456)"
12406094,JE280437,06/26/2021 05:17:00 PM,007XX W 31ST ST,0460,BATTERY,SIMPLE,RESTAURANT,false,false,0915,11,08B,1172053,1884337,2021,07/03/2021 03:40:09 PM,41.838071856,-87.644151826,"(41.838071856, -87.644151826)"
12317783,JE172064,03/18/2021 01:20:00 AM,007XX W 31ST ST,0440,BATTERY,"AGGRAVATED - HANDS, FISTS, FEET, NO / MINOR INJURY",ALLEY,false,false,0915,11,08B,1171922,1884333,2021,03/25/2021 03:41:16 PM,41.838063763,-87.644632641,"(41.838063763, -87.644632641)"
12275507,JE119664,01/15/2021 12:00:00 AM,007XX W 31ST ST,1152,DECEPTIVE PRACTICE,ILLEGAL USE CASH CARD,CONVENIENCE STORE,false,false,0915,11,11,1171697,1884328,2021,01/26/2021 03:40:49 PM,41.83805499,-87.645458414,"(41.83805499, -87.645458414)"
12250553,JD465692,12/21/2020 06:00:00 PM,007XX W 31ST ST,0910,MOTOR VEHICLE THEFT,AUTOMOBILE,PARKING LOT / GARAGE (NON RESIDENTIAL),true,false,0914,11,07,1171993,1884335,2020,02/23/2021 03:39:26 PM,41.838067689,-87.644372052,"(41.838067689, -87.644372052)"
12253498,JD469008,12/24/2020 04:30:00 PM,007XX W 31ST ST,0810,THEFT,OVER $500,SMALL RETAIL STORE,false,false,0915,11,06,1171697,1884328,2020,12/31/2020 03:41:39 PM,41.83805499,-87.645458414,"(41.83805499, -87.645458414)"
12263469,JE105788,01/06/2021 11:00:00 PM,007XX W 31ST ST,1320,CRIMINAL DAMAGE,TO VEHICLE,VEHICLE NON-COMMERCIAL,false,false,0915,11,14,1172029,1884336,2021,01/16/2021 03:39:23 PM,41.83806964,-87.644239922,"(41.83806964, -87.644239922)"
12416145,JE292629,07/06/2021 11:00:00 AM,007XX W 31ST ST,0460,BATTERY,SIMPLE,STREET,false,false,0915,11,08B,1171697,1884328,2021,07/13/2021 03:41:01 PM,41.83805499,-87.645458414,"(41.83805499, -87.645458414)"
12327543,JE183848,03/30/2021 04:32:00 AM,007XX W 31ST ST,0860,THEFT,RETAIL THEFT,CONVENIENCE STORE,false,false,0915,11,06,1171697,1884328,2021,04/06/2021 03:40:17 PM,41.83805499,-87.645458414,"(41.83805499, -87.645458414)"
12384035,JE252918,06/03/2021 10:16:00 PM,007XX W 31ST ST,0530,ASSAULT,AGGRAVATED - OTHER DANGEROUS WEAPON,SIDEWALK,true,false,0915,11,04A,1171697,1884328,2021,06/10/2021 03:42:28 PM,41.83805499,-87.645458414,"(41.83805499, -87.645458414)"
12403282,JE276383,06/22/2021 11:00:00 PM,007XX W 31ST ST,0420,BATTERY,AGGRAVATED - KNIFE / CUTTING INSTRUMENT,ALLEY,false,false,0915,11,04B,1171697,1884328,2021,06/29/2021 03:41:09 PM,41.83805499,-87.645458414,"(41.83805499, -87.645458414)"
12258320,JD474768,12/31/2020 05:15:00 PM,007XX W 31ST ST,0560,ASSAULT,SIMPLE,SMALL RETAIL STORE,false,false,0915,11,08A,1171678,1884328,2020,01/07/2021 03:41:47 PM,41.838055408,-87.645528134,"(41.838055408, -87.645528134)"
12233207,JD445354,11/30/2020 03:24:00 AM,007XX W 31ST ST,0560,ASSAULT,SIMPLE,SMALL RETAIL STORE,false,false,0915,11,08A,1171697,1884328,2020,12/17/2020 03:40:05 PM,41.83805499,-87.645458414,"(41.83805499, -87.645458414)"
12409137,JE283345,06/21/2021 10:30:00 AM,007XX W 31ST ST,0820,THEFT,$500 AND UNDER,RESIDENCE - PORCH / HALLWAY,false,false,0915,11,06,1171911,1884333,2021,07/01/2021 03:39:53 PM,41.838064005,-87.644673005,"(41.838064005, -87.644673005)"
12418501,JE294440,07/05/2021 02:00:00 PM,007XX W 31ST ST,0560,ASSAULT,SIMPLE,PARKING LOT / GARAGE (NON RESIDENTIAL),false,false,0915,11,08A,1171678,1884328,2021,07/13/2021 03:40:14 PM,41.838055408,-87.645528134,"(41.838055408, -87.645528134)"
12265838,JE108575,01/10/2021 06:03:00 AM,007XX W 31ST ST,0860,THEFT,RETAIL THEFT,DRUG STORE,true,false,0915,11,06,1171697,1884328,2021,01/17/2021 03:40:40 PM,41.83805499,-87.645458414,"(41.83805499, -87.645458414)"
12386934,JE256537,06/07/2021 01:48:00 AM,007XX W 31ST ST,0860,THEFT,RETAIL THEFT,SMALL RETAIL STORE,false,false,0915,11,06,1171697,1884328,2021,06/14/2021 03:41:04 PM,41.83805499,-87.645458414,"(41.83805499, -87.645458414)"
12379014,JE246769,05/29/2021 12:45:00 PM,007XX W 31ST ST,1320,CRIMINAL DAMAGE,TO VEHICLE,PARKING LOT / GARAGE (NON RESIDENTIAL),false,false,0915,11,14,1171668,1884327,2021,06/05/2021 03:40:05 PM,41.838052883,-87.645564858,"(41.838052883, -87.645564858)"
12572954,JE483919,12/20/2021 01:45:00 PM,007XX W 31ST ST,0460,BATTERY,SIMPLE,APARTMENT,false,false,0915,11,08B,1172005,1884336,2021,12/27/2021 03:41:40 PM,41.838070169,-87.644327989,"(41.838070169, -87.644327989)"
12508842,JE405649,10/10/2021 06:30:00 PM,007XX W 31ST ST,0810,THEFT,OVER $500,PARKING LOT / GARAGE (NON RESIDENTIAL),false,false,0914,11,06,1171556,1884325,2021,10/17/2021 03:40:45 PM,41.838049855,-87.645975895,"(41.838049855, -87.645975895)"
12432653,JE312658,07/24/2021 03:40:00 PM,007XX W 31ST ST,0520,ASSAULT,AGGRAVATED - KNIFE / CUTTING INSTRUMENT,PARKING LOT / GARAGE (NON RESIDENTIAL),false,false,0914,11,04A,1171721,1884329,2021,07/31/2021 03:40:17 PM,41.838057207,-87.645370318,"(41.838057207, -87.645370318)"
12511860,JE409405,10/14/2021 11:45:00 AM,007XX W 31ST ST,1320,CRIMINAL DAMAGE,TO VEHICLE,PARKING LOT / GARAGE (NON RESIDENTIAL),false,false,0915,11,14,1171697,1884328,2021,10/21/2021 03:50:06 PM,41.83805499,-87.645458414,"(41.83805499, -87.645458414)"
12458703,JE344509,08/21/2021 03:45:00 AM,007XX W 31ST ST,0430,BATTERY,AGGRAVATED - OTHER DANGEROUS WEAPON,RESTAURANT,false,false,0915,11,04B,1171668,1884327,2021,08/28/2021 03:40:43 PM,41.838052883,-87.645564858,"(41.838052883, -87.645564858)"
12442718,JE324593,08/03/2021 10:30:00 AM,007XX W 31ST ST,0850,THEFT,ATTEMPT THEFT,SIDEWALK,false,false,0914,11,06,1171692,1884328,2021,08/10/2021 03:41:28 PM,41.8380551,-87.645476761,"(41.8380551, -87.645476761)"
12574405,JE483271,12/20/2021 01:40:00 AM,007XX W 31ST ST,0460,BATTERY,SIMPLE,SIDEWALK,false,false,0914,11,08B,1172053,1884337,2021,12/27/2021 03:41:40 PM,41.838071856,-87.644151826,"(41.838071856, -87.644151826)"
12614249,JF139814,02/08/2022 05:22:00 PM,007XX W 31ST ST,0486,BATTERY,DOMESTIC BATTERY SIMPLE,STREET,false,true,0914,11,08B,1171673,1884328,2022,01/03/2023 03:40:27 PM,41.838055518,-87.645546481,"(41.838055518, -87.645546481)"
12541438,JE445634,11/15/2021 07:20:00 AM,007XX W 31ST ST,0820,THEFT,$500 AND UNDER,DRUG STORE,false,false,0915,11,06,1171697,1884328,2021,11/22/2021 03:40:20 PM,41.83805499,-87.645458414,"(41.83805499, -87.645458414)"
12478475,JE368781,09/10/2021 04:30:00 PM,007XX W 31ST ST,0460,BATTERY,SIMPLE,APARTMENT,true,false,0914,11,08B,1171712,1884329,2021,01/12/2023 03:41:55 PM,41.838057405,-87.645403343,"(41.838057405, -87.645403343)"
12523207,JE423452,10/25/2021 05:00:00 PM,007XX W 31ST ST,0810,THEFT,OVER $500,SIDEWALK,false,false,0914,11,06,1172053,1884337,2021,11/01/2021 03:40:29 PM,41.838071856,-87.644151826,"(41.838071856, -87.644151826)"
12563569,JE471790,12/08/2021 07:30:00 PM,007XX W 31ST ST,0810,THEFT,OVER $500,SMALL RETAIL STORE,false,false,0915,11,06,1171668,1884327,2021,12/15/2021 03:41:17 PM,41.838052883,-87.645564858,"(41.838052883, -87.645564858)"
12565173,JE474609,12/12/2021 04:09:00 AM,007XX W 31ST ST,0340,ROBBERY,ATTEMPT STRONG ARM - NO WEAPON,CONVENIENCE STORE,false,false,0915,11,03,1171697,1884328,2021,12/19/2021 03:40:35 PM,41.83805499,-87.645458414,"(41.83805499, -87.645458414)"
12459428,JE345556,08/21/2021 11:21:00 PM,007XX W 31ST ST,1330,CRIMINAL TRESPASS,TO LAND,PARKING LOT / GARAGE (NON RESIDENTIAL),true,false,0915,11,26,1171668,1884327,2021,08/28/2021 03:40:43 PM,41.838052883,-87.645564858,"(41.838052883, -87.645564858)"
12608541,JF132541,02/03/2022 10:52:00 AM,007XX W 31ST ST,051A,ASSAULT,AGGRAVATED - HANDGUN,PARKING LOT / GARAGE (NON RESIDENTIAL),false,false,0915,11,04A,1171697,1884328,2022,01/03/2023 03:40:27 PM,41.83805499,-87.645458414,"(41.83805499, -87.645458414)"
12471176,JE359843,09/02/2021 11:00:00 PM,007XX W 31ST ST,0820,THEFT,$500 AND UNDER,STREET,false,false,0915,11,06,1171697,1884328,2021,09/09/2021 03:45:28 PM,41.83805499,-87.645458414,"(41.83805499, -87.645458414)"
12597252,JF115538,01/17/2022 08:56:00 AM,007XX W 31ST ST,5002,OTHER OFFENSE,OTHER VEHICLE OFFENSE,PARKING LOT / GARAGE (NON RESIDENTIAL),false,true,0915,11,26,1171721,1884329,2022,01/03/2023 03:40:27 PM,41.838057207,-87.645370318,"(41.838057207, -87.645370318)"
12705812,JF250511,05/21/2022 12:52:00 PM,007XX W 31ST ST,051A,ASSAULT,AGGRAVATED - HANDGUN,PARKING LOT / GARAGE (NON RESIDENTIAL),false,false,0915,11,04A,1171678,1884328,2022,01/03/2023 03:40:27 PM,41.838055408,-87.645528134,"(41.838055408, -87.645528134)"
12689543,JF230600,05/04/2022 10:20:00 PM,007XX W 31ST ST,0860,THEFT,RETAIL THEFT,SMALL RETAIL STORE,false,false,0915,11,06,1171697,1884328,2022,01/03/2023 03:40:27 PM,41.83805499,-87.645458414,"(41.83805499, -87.645458414)"
12747700,JF300950,06/30/2022 12:59:00 PM,007XX W 31ST ST,1130,DECEPTIVE PRACTICE,FRAUD OR CONFIDENCE GAME,RESIDENCE,false,false,0914,11,11,1172041,1884337,2022,01/03/2023 03:40:27 PM,41.83807212,-87.644195859,"(41.83807212, -87.644195859)"
12811534,JF377416,08/30/2022 05:00:00 PM,007XX W 31ST ST,0430,BATTERY,AGGRAVATED - OTHER DANGEROUS WEAPON,SIDEWALK,false,false,0915,11,04B,1171716,1884329,2022,01/03/2023 03:40:27 PM,41.838057317,-87.645388665,"(41.838057317, -87.645388665)"
12661687,JF197119,04/04/2022 12:00:00 AM,007XX W 31ST ST,051A,ASSAULT,AGGRAVATED - HANDGUN,STREET,false,false,0914,11,04A,1171702,1884328,2022,01/03/2023 03:40:27 PM,41.83805488,-87.645440067,"(41.83805488, -87.645440067)"
12803771,JF367269,08/23/2022 11:30:00 AM,007XX W 31ST ST,0860,THEFT,RETAIL THEFT,DRUG STORE,false,false,0915,11,06,1171697,1884328,2022,01/03/2023 03:40:27 PM,41.83805499,-87.645458414,"(41.83805499, -87.645458414)"
12717449,JF262267,05/28/2022 07:45:00 PM,007XX W 31ST ST,0860,THEFT,RETAIL THEFT,SMALL RETAIL STORE,false,false,0915,11,06,1171668,1884327,2022,01/03/2023 03:40:27 PM,41.838052883,-87.645564858,"(41.838052883, -87.645564858)"
12817634,JF384621,09/06/2022 01:20:00 AM,007XX W 31ST ST,0860,THEFT,RETAIL THEFT,DRUG STORE,false,false,0915,11,06,1171697,1884328,2022,01/03/2023 03:40:27 PM,41.83805499,-87.645458414,"(41.83805499, -87.645458414)"
12683466,JF223163,04/28/2022 01:52:00 PM,007XX W 31ST ST,2820,OTHER OFFENSE,TELEPHONE THREAT,DRUG STORE,false,false,0915,11,08A,1171697,1884328,2022,01/03/2023 03:40:27 PM,41.83805499,-87.645458414,"(41.83805499, -87.645458414)"
12753102,JF307434,07/03/2022 11:00:00 PM,007XX W 31ST ST,1130,DECEPTIVE PRACTICE,FRAUD OR CONFIDENCE GAME,CONVENIENCE STORE,false,false,0915,11,11,1171697,1884328,2022,01/03/2023 03:40:27 PM,41.83805499,-87.645458414,"(41.83805499, -87.645458414)"
12804485,JF369121,08/24/2022 07:40:00 PM,007XX W 31ST ST,0460,BATTERY,SIMPLE,DRUG STORE,false,false,0915,11,08B,1171697,1884328,2022,01/03/2023 03:40:27 PM,41.83805499,-87.645458414,"(41.83805499, -87.645458414)"
12675768,JF213901,04/20/2022 03:02:00 PM,007XX W 31ST ST,0460,BATTERY,SIMPLE,SMALL RETAIL STORE,true,false,0915,11,08B,1171668,1884327,2022,01/03/2023 03:40:27 PM,41.838052883,-87.645564858,"(41.838052883, -87.645564858)"
12780442,JF340685,08/01/2022 09:38:00 PM,007XX W 31ST ST,1150,DECEPTIVE PRACTICE,CREDIT CARD FRAUD,DRUG STORE,false,false,0915,11,11,1171697,1884328,2022,01/03/2023 03:40:27 PM,41.83805499,-87.645458414,"(41.83805499, -87.645458414)"
12824037,JF392024,09/11/2022 03:45:00 PM,007XX W 31ST ST,0312,ROBBERY,ARMED - KNIFE / CUTTING INSTRUMENT,SMALL RETAIL STORE,false,false,0915,11,03,1171697,1884328,2022,01/03/2023 03:40:27 PM,41.83805499,-87.645458414,"(41.83805499, -87.645458414)"
12997580,JG170454,03/01/2023 03:25:00 PM,007XX W 31ST ST,1242,DECEPTIVE PRACTICE,COMPUTER FRAUD,SMALL RETAIL STORE,false,false,0915,11,11,1171697,1884328,2023,08/19/2023 03:40:26 PM,41.83805499,-87.645458414,"(41.83805499, -87.645458414)"
12842348,JF414320,09/16/2022 08:00:00 AM,007XX W 31ST ST,1150,DECEPTIVE PRACTICE,CREDIT CARD FRAUD,ATM (AUTOMATIC TELLER MACHINE),false,false,0915,11,11,1171697,1884328,2022,01/03/2023 03:40:27 PM,41.83805499,-87.645458414,"(41.83805499, -87.645458414)"
13027947,JG206610,03/31/2023 09:35:00 PM,007XX W 31ST ST,0330,ROBBERY,AGGRAVATED,PARKING LOT / GARAGE (NON RESIDENTIAL),false,false,0915,11,03,1171697,1884328,2023,08/19/2023 03:40:26 PM,41.83805499,-87.645458414,"(41.83805499, -87.645458414)"
12844867,JF417210,09/30/2022 10:35:00 PM,007XX W 31ST ST,143A,WEAPONS VIOLATION,UNLAWFUL POSSESSION - HANDGUN,RESTAURANT,true,false,0915,11,15,1171668,1884327,2022,01/03/2023 03:40:27 PM,41.838052883,-87.645564858,"(41.838052883, -87.645564858)"
12958133,JG122960,01/20/2023 10:30:00 AM,007XX W 31ST ST,1156,DECEPTIVE PRACTICE,ATTEMPT - FINANCIAL IDENTITY THEFT,APARTMENT,false,false,0915,11,11,1171922,1884333,2023,08/19/2023 03:40:26 PM,41.838063763,-87.644632641,"(41.838063763, -87.644632641)"
12999760,JG172735,03/03/2023 03:00:00 PM,007XX W 31ST ST,0560,ASSAULT,SIMPLE,SMALL RETAIL STORE,false,false,0915,11,08A,1171668,1884327,2023,08/19/2023 03:40:26 PM,41.838052883,-87.645564858,"(41.838052883, -87.645564858)"
13011790,JG187380,03/14/2023 12:00:00 PM,007XX W 31ST ST,1152,DECEPTIVE PRACTICE,ILLEGAL USE CASH CARD,DRUG STORE,false,false,0915,11,11,1171697,1884328,2023,08/19/2023 03:40:26 PM,41.83805499,-87.645458414,"(41.83805499, -87.645458414)"
12970186,JG137512,01/28/2023 04:45:00 PM,007XX W 31ST ST,0810,THEFT,OVER $500,SMALL RETAIL STORE,false,false,0915,11,06,1171673,1884328,2023,08/19/2023 03:40:26 PM,41.838055518,-87.645546481,"(41.838055518, -87.645546481)"
12853282,JF427409,10/09/2022 12:03:00 AM,007XX W 31ST ST,1330,CRIMINAL TRESPASS,TO LAND,DEPARTMENT STORE,false,false,0915,11,26,1171697,1884328,2022,01/03/2023 03:40:27 PM,41.83805499,-87.645458414,"(41.83805499, -87.645458414)"
13059064,JG243707,04/30/2023 10:30:00 PM,007XX W 31ST ST,1310,CRIMINAL DAMAGE,TO PROPERTY,RESTAURANT,false,false,0914,11,14,1172053,1884337,2023,08/19/2023 03:40:26 PM,41.838071856,-87.644151826,"(41.838071856, -87.644151826)"
13101200,JG294160,06/09/2023 09:30:00 AM,007XX W 31ST ST,1241,DECEPTIVE PRACTICE,AGGRAVATED COMPUTER TAMPERING,DRUG STORE,false,false,0915,11,11,1171697,1884328,2023,08/19/2023 03:40:26 PM,41.83805499,-87.645458414,"(41.83805499, -87.645458414)"
13121190,JG317825,06/25/2023 04:00:00 PM,007XX W 31ST ST,0460,BATTERY,SIMPLE,PARKING LOT / GARAGE (NON RESIDENTIAL),false,false,0915,11,08B,1171668,1884327,2023,08/19/2023 03:40:26 PM,41.838052883,-87.645564858,"(41.838052883, -87.645564858)"
13149428,JG351770,07/22/2023 03:41:00 PM,007XX W 31ST ST,0560,ASSAULT,SIMPLE,SMALL RETAIL STORE,false,false,0915,11,08A,1171668,1884327,2023,08/19/2023 03:40:26 PM,41.838052883,-87.645564858,"(41.838052883, -87.645564858)"
13134574,JG332989,07/08/2023 03:30:00 PM,007XX W 31ST ST,0860,THEFT,RETAIL THEFT,DEPARTMENT STORE,false,false,0915,11,06,1171668,1884327,2023,08/19/2023 03:40:26 PM,41.838052883,-87.645564858,"(41.838052883, -87.645564858)"
13126651,JG324506,07/02/2023 04:45:00 AM,007XX W 31ST ST,0820,THEFT,$500 AND UNDER,DRUG STORE,false,false,0915,11,06,1171697,1884328,2023,08/19/2023 03:40:26 PM,41.83805499,-87.645458414,"(41.83805499, -87.645458414)"
13157104,JG360663,07/29/2023 10:03:00 AM,007XX W 31ST ST,0460,BATTERY,SIMPLE,STREET,true,false,0915,11,08B,1171668,1884327,2023,08/19/2023 03:40:26 PM,41.838052883,-87.645564858,"(41.838052883, -87.645564858)"
13097475,JG289804,06/06/2023 12:41:00 AM,007XX W 31ST ST,0560,ASSAULT,SIMPLE,DRUG STORE,false,false,0915,11,08A,1171697,1884328,2023,08/19/2023 03:40:26 PM,41.83805499,-87.645458414,"(41.83805499, -87.645458414)"
13064550,JG250391,05/06/2023 03:15:00 PM,007XX W 31ST ST,0860,THEFT,RETAIL THEFT,SMALL RETAIL STORE,false,false,0915,11,06,1171668,1884327,2023,08/19/2023 03:40:26 PM,41.838052883,-87.645564858,"(41.838052883, -87.645564858)"
13172938,JG379365,08/12/2023 04:04:00 AM,007XX W 31ST ST,051A,ASSAULT,AGGRAVATED - HANDGUN,GAS STATION,false,false,0914,11,04A,1172053,1884337,2023,08/19/2023 03:41:54 PM,41.838071856,-87.644151826,"(41.838071856, -87.644151826)"
13157315,JG360828,07/28/2023 07:30:00 PM,007XX W 31ST ST,1150,DECEPTIVE PRACTICE,CREDIT CARD FRAUD,RESTAURANT,false,false,0915,11,11,1172053,1884337,2023,08/19/2023 03:40:26 PM,41.838071856,-87.644151826,"(41.838071856, -87.644151826)"
13189091,JG398607,08/25/2023 05:46:00 PM,007XX W 31ST ST,0860,THEFT,RETAIL THEFT,SMALL RETAIL STORE,false,false,0915,11,06,1171668,1884327,2023,09/02/2023 03:41:45 PM,41.838052883,-87.645564858,"(41.838052883, -87.645564858)"
13180277,JG388227,08/18/2023 06:30:00 PM,007XX W 31ST ST,0810,THEFT,OVER $500,SIDEWALK,false,false,0914,11,06,1172041,1884337,2023,08/26/2023 03:42:17 PM,41.83807212,-87.644195859,"(41.83807212, -87.644195859)"
13173687,JG379380,08/12/2023 03:48:00 AM,007XX W 31ST ST,0860,THEFT,RETAIL THEFT,DRUG STORE,false,false,0915,11,06,1171697,1884328,2023,08/19/2023 03:41:54 PM,41.83805499,-87.645458414,"(41.83805499, -87.645458414)"
13151006,JG353463,07/24/2023 01:36:00 AM,007XX W 31ST ST,031A,ROBBERY,ARMED - HANDGUN,RESTAURANT,false,false,0915,11,03,1171668,1884327,2023,08/19/2023 03:40:26 PM,41.838052883,-87.645564858,"(41.838052883, -87.645564858)"
